68.0
68.0
68.0
68.0
68.0
0.0
0.0
0.0
0.0
0.0
0.0
0.0
0.0
0.0
0.0
0.0
0.0
0.0
0.0
0.0
0.0
0.0
0.0
0.0
0.0
0.0
0.0
0.0
0.0
0.0
0.0
0.0
0.0
0.0
0.0
0.0
0.0
0.0
0.0
0.0
0.0
0.0
0.0
0.0
0.0
0.0
0.0
0.0
0.0
0.0
0.0
0.0
0.0
0.0
0.0
0.0
0.0
0.0
0.0
0.0
0.0
0.0
0.0
0.0
0.0
0.0
0.0
0.0
0.0
0.0
0.0
0.0
0.0
0.0
0.0
0.0
0.0
0.0
0.0
0.0
0.0
0.0
0.0
0.0
0.0
0.0
0.0
0.0
0.0
0.0
0.0
0.0
0.0
0.0
0.0
0.0
0.0
0.0
0.0
0.0
0.0
819.0
908.0
98.0
93.0
196.0
206.0
219.0
238.0
76.0
91.0
0.0
0.0
0.0
0.0
0.0
0.0
0.0
0.0
0.0
0.0
0.0
0.0
0.0
0.0
0.0
839.0
88.0
151.0
86.0
90.0
87.0
491.0
70.0
71.0
71.0
71.0
71.0
0.0
232.0
66.0
70.0
65.0
120.0
82.0
82.0
82.0
82.0
82.0
82.0
82.0
92.0
91.0
89.0
101.0
118.0
145.0
86.0
71.0
64.0
198.0
82.0
64.0
200.0
150.0
150.0
150.0
150.0
150.0
150.0
150.0
143.0
83.0
66.0
66.0
79.0
62.0
62.0
77.0
108.0
108.0
108.0
108.0
108.0
108.0
108.0
108.0
108.0
108.0
108.0
108.0
108.0
108.0
108.0
108.0
108.0
104.0
61.0
197.0
63.0
66.0
238.0
68.0
71.0
82.0
125.0
99.0
98.0
96.0
97.0
97.0
98.0
158.0
98.0
97.0
100.0
97.0
97.0
97.0
111.0
127.0
127.0
127.0
127.0
127.0
127.0
127.0
99.0
145.0
83.0
104.0
68.0
69.0
71.0
67.0
221.0
102.0
103.0
111.0
95.0
72.0
143.0
70.0
65.0
101.0
88.0
63.0
276.0
79.0
67.0
72.0
355.0
85.0
362.0
364.0
87.0
199.0
81.0
125.0
88.0
68.0
122.0
143.0
103.0
118.0
63.0
62.0
168.0
79.0
62.0
76.0
62.0
63.0
75.0
121.0
80.0
63.0
65.0
64.0
87.0
64.0
62.0
67.0
346.0
63.0
65.0
91.0
63.0
72.0
67.0
67.0
67.0
67.0
67.0
67.0
67.0
67.0
67.0
67.0
67.0
67.0
67.0
67.0
67.0
67.0
67.0
105.0
68.0
130.0
104.0
263.0
95.0
94.0
93.0
94.0
151.0
94.0
115.0
94.0
93.0
94.0
94.0
94.0
94.0
94.0
94.0
94.0
94.0
94.0
94.0
94.0
94.0
94.0
94.0
94.0
94.0
94.0
94.0
94.0
94.0
94.0
94.0
94.0
94.0
94.0
94.0
105.0
64.0
67.0
71.0
64.0
96.0
82.0
225.0
88.0
94.0
66.0
65.0
67.0
65.0
87.0
247.0
240.0
93.0
236.0
227.0
497.0
101.0
69.0
101.0
105.0
315.0
135.0
262.0
74.0
120.0
381.0
106.0
104.0
234.0
122.0
196.0
102.0
84.0
82.0
72.0
170.0
91.0
70.0
109.0
114.0
74.0
69.0
112.0
109.0
170.0
95.0
95.0
85.0
68.0
112.0
149.0
160.0
135.0
104.0
96.0
103.0
89.0
101.0
73.0
199.0
250.0
102.0
293.0
76.0
75.0
86.0
77.0
249.0
127.0
102.0
70.0
99.0
115.0
75.0
116.0
89.0
141.0
210.0
95.0
70.0
353.0
368.0
217.0
413.0
85.0
242.0
72.0
76.0
93.0
70.0
85.0
191.0
80.0
109.0
89.0
70.0
72.0
119.0
243.0
172.0
70.0
64.0
86.0
690.0
83.0
138.0
86.0
152.0
118.0
66.0
219.0
101.0
221.0
214.0
331.0
142.0
162.0
173.0
243.0
73.0
175.0
374.0
187.0
122.0
103.0
87.0
99.0
104.0
97.0
258.0
282.0
87.0
63.0
128.0
105.0
157.0
138.0
241.0
231.0
113.0
370.0
340.0
252.0
442.0
97.0
240.0
235.0
105.0
138.0
226.0
145.0
93.0
68.0
117.0
80.0
71.0
301.0
155.0
138.0
202.0
113.0
103.0
207.0
82.0
85.0
62.0
283.0
116.0
85.0
93.0
68.0
94.0
86.0
78.0
67.0
141.0
70.0
67.0
180.0
200.0
245.0
78.0
244.0
89.0
168.0
200.0
199.0
194.0
236.0
126.0
251.0
105.0
102.0
204.0
123.0
88.0
87.0
109.0
105.0
195.0
382.0
387.0
255.0
278.0
175.0
169.0
237.0
141.0
77.0
100.0
212.0
175.0
157.0
229.0
248.0
92.0
125.0
305.0
140.0
350.0
93.0
277.0
69.0
200.0
328.0
74.0
152.0
193.0
89.0
207.0
153.0
62.0
102.0
106.0
212.0
74.0
98.0
89.0
238.0
118.0
64.0
107.0
310.0
60.0
103.0
87.0
93.0
223.0
116.0
192.0
360.0
216.0
289.0
205.0
95.0
80.0
110.0
178.0
237.0
393.0
214.0
350.0
372.0
301.0
151.0
173.0
209.0
381.0
71.0
104.0
69.0
136.0
121.0
603.0
340.0
226.0
254.0
166.0
135.0
199.0
660.0
298.0
105.0
630.0
159.0
127.0
344.0
109.0
178.0
170.0
79.0
77.0
236.0
104.0
251.0
100.0
232.0
122.0
112.0
72.0
234.0
278.0
130.0
245.0
185.0
379.0
94.0
95.0
124.0
220.0
198.0
95.0
196.0
100.0
116.0
111.0
254.0
278.0
327.0
305.0
312.0
299.0
306.0
262.0
111.0
242.0
100.0
101.0
151.0
111.0
159.0
96.0
244.0
119.0
110.0
203.0
560.0
314.0
87.0
238.0
71.0
80.0
68.0
66.0
269.0
116.0
66.0
124.0
149.0
108.0
69.0
201.0
279.0
73.0
168.0
113.0
71.0
120.0
191.0
360.0
76.0
232.0
103.0
75.0
104.0
70.0
259.0
122.0
200.0
129.0
76.0
79.0
70.0
92.0
248.0
401.0
142.0
104.0
112.0
412.0
381.0
263.0
217.0
115.0
247.0
154.0
88.0
103.0
159.0
196.0
73.0
174.0
97.0
103.0
242.0
188.0
101.0
120.0
218.0
80.0
71.0
83.0
227.0
108.0
101.0
92.0
197.0
102.0
196.0
202.0
208.0
73.0
113.0
111.0
75.0
66.0
92.0
191.0
160.0
93.0
94.0
237.0
243.0
279.0
151.0
72.0
107.0
70.0
130.0
118.0
75.0
84.0
318.0
78.0
74.0
89.0
288.0
92.0
102.0
111.0
308.0
369.0
78.0
239.0
218.0
68.0
67.0
89.0
74.0
170.0
93.0
68.0
220.0
95.0
66.0
78.0
99.0
110.0
126.0
67.0
61.0
94.0
63.0
221.0
92.0
91.0
122.0
198.0
147.0
249.0
147.0
67.0
82.0
165.0
193.0
71.0
201.0
236.0
328.0
68.0
92.0
159.0
149.0
93.0
66.0
98.0
246.0
86.0
114.0
133.0
97.0
98.0
102.0
66.0
97.0
107.0
69.0
109.0
349.0
287.0
409.0
310.0
125.0
211.0
168.0
77.0
187.0
104.0
64.0
67.0
74.0
137.0
92.0
115.0
69.0
81.0
70.0
70.0
118.0
80.0
183.0
105.0
90.0
70.0
70.0
70.0
70.0
70.0
70.0
70.0
105.0
104.0
103.0
103.0
105.0
103.0
104.0
102.0
104.0
110.0
102.0
104.0
103.0
115.0
115.0
115.0
115.0
115.0
115.0
115.0
115.0
115.0
115.0
115.0
115.0
115.0
115.0
115.0
115.0
278.0
75.0
71.0
247.0
86.0
158.0
96.0
94.0
93.0
93.0
93.0
93.0
93.0
93.0
93.0
93.0
93.0
93.0
93.0
93.0
106.0
66.0
68.0
66.0
82.0
153.0
86.0
151.0
106.0
211.0
152.0
222.0
78.0
121.0
95.0
236.0
93.0
77.0
192.0
244.0
99.0
59.0
155.0
118.0
62.0
62.0
62.0
62.0
62.0
62.0
62.0
62.0
62.0
62.0
62.0
62.0
62.0
62.0
62.0
62.0
62.0
62.0
62.0
62.0
62.0
62.0
62.0
62.0
62.0
62.0
62.0
62.0
62.0
62.0
62.0
62.0
62.0
62.0
62.0
62.0
62.0
62.0
62.0
62.0
62.0
62.0
62.0
62.0
62.0
62.0
62.0
62.0
62.0
62.0
62.0
62.0
62.0
62.0
62.0
62.0
62.0
62.0
62.0
62.0
62.0
62.0
62.0
62.0
62.0
62.0
62.0
62.0
62.0
62.0
62.0
62.0
62.0
62.0
62.0
62.0
270.0
97.0
247.0
93.0
89.0
237.0
70.0
64.0
98.0
131.0
242.0
72.0
207.0
70.0
93.0
88.0
70.0
322.0
230.0
102.0
65.0
64.0
102.0
62.0
135.0
68.0
61.0
66.0
61.0
102.0
67.0
212.0
78.0
121.0
273.0
75.0
63.0
103.0
89.0
75.0
63.0
274.0
68.0
83.0
81.0
71.0
93.0
83.0
308.0
238.0
75.0
67.0
64.0
62.0
73.0
63.0
72.0
295.0
69.0
74.0
217.0
303.0
88.0
356.0
78.0
71.0
118.0
102.0
102.0
104.0
101.0
68.0
261.0
180.0
76.0
94.0
89.0
97.0
113.0
91.0
182.0
79.0
63.0
62.0
85.0
89.0
92.0
89.0
174.0
89.0
96.0
89.0
90.0
89.0
88.0
88.0
143.0
89.0
90.0
94.0
89.0
90.0
90.0
88.0
250.0
91.0
88.0
90.0
132.0
91.0
89.0
88.0
244.0
102.0
100.0
100.0
100.0
100.0
100.0
100.0
100.0
91.0
228.0
92.0
240.0
61.0
224.0
87.0
186.0
87.0
87.0
87.0
87.0
87.0
87.0
87.0
87.0
87.0
87.0
87.0
87.0
87.0
87.0
87.0
87.0
98.0
281.0
75.0
87.0
234.0
64.0
65.0
60.0
68.0
75.0
224.0
78.0
216.0
145.0
83.0
99.0
211.0
85.0
104.0
207.0
248.0
83.0
73.0
94.0
73.0
95.0
187.0
100.0
227.0
102.0
200.0
91.0
201.0
247.0
313.0
390.0
301.0
151.0
290.0
254.0
78.0
97.0
171.0
153.0
130.0
64.0
75.0
90.0
407.0
168.0
93.0
143.0
169.0
81.0
88.0
560.0
200.0
77.0
92.0
146.0
63.0
92.0
116.0
61.0
179.0
105.0
60.0
82.0
69.0
71.0
61.0
68.0
100.0
67.0
82.0
136.0
98.0
246.0
101.0
115.0
100.0
68.0
68.0
83.0
193.0
68.0
102.0
103.0
101.0
107.0
107.0
107.0
107.0
107.0
107.0
107.0
137.0
70.0
254.0
81.0
227.0
235.0
115.0
99.0
106.0
272.0
79.0
256.0
72.0
171.0
91.0
68.0
223.0
117.0
281.0
64.0
187.0
106.0
104.0
225.0
102.0
87.0
231.0
329.0
262.0
124.0
180.0
151.0
220.0
93.0
219.0
143.0
754.0
113.0
137.0
340.0
102.0
108.0
270.0
348.0
577.0
90.0
255.0
225.0
206.0
194.0
181.0
216.0
110.0
96.0
90.0
241.0
219.0
384.0
304.0
362.0
358.0
322.0
266.0
266.0
185.0
274.0
260.0
88.0
204.0
70.0
126.0
241.0
125.0
245.0
235.0
101.0
100.0
566.0
197.0
109.0
146.0
371.0
196.0
185.0
110.0
110.0
105.0
207.0
239.0
102.0
162.0
71.0
116.0
107.0
102.0
103.0
303.0
231.0
105.0
94.0
100.0
117.0
92.0
127.0
337.0
216.0
99.0
68.0
419.0
70.0
67.0
302.0
81.0
203.0
104.0
280.0
119.0
106.0
116.0
358.0
347.0
364.0
479.0
435.0
98.0
225.0
148.0
165.0
147.0
91.0
104.0
224.0
101.0
431.0
115.0
101.0
122.0
101.0
276.0
99.0
107.0
159.0
84.0
248.0
114.0
275.0
97.0
100.0
169.0
234.0
120.0
104.0
361.0
392.0
191.0
203.0
327.0
91.0
109.0
122.0
87.0
233.0
178.0
162.0
210.0
258.0
126.0
150.0
178.0
165.0
122.0
235.0
165.0
244.0
96.0
92.0
140.0
136.0
304.0
347.0
311.0
256.0
302.0
237.0
70.0
311.0
234.0
235.0
105.0
69.0
82.0
89.0
293.0
91.0
99.0
81.0
211.0
97.0
187.0
337.0
72.0
224.0
124.0
68.0
68.0
100.0
153.0
100.0
165.0
360.0
203.0
205.0
226.0
111.0
102.0
202.0
332.0
104.0
124.0
141.0
218.0
66.0
200.0
226.0
123.0
190.0
127.0
93.0
70.0
82.0
94.0
310.0
104.0
72.0
185.0
110.0
72.0
348.0
95.0
253.0
293.0
315.0
348.0
91.0
251.0
187.0
70.0
90.0
65.0
78.0
74.0
180.0
105.0
97.0
91.0
198.0
91.0
89.0
112.0
72.0
63.0
118.0
149.0
101.0
79.0
174.0
73.0
71.0
67.0
73.0
194.0
118.0
75.0
68.0
106.0
72.0
79.0
222.0
64.0
65.0
77.0
68.0
82.0
268.0
76.0
83.0
84.0
206.0
211.0
65.0
74.0
72.0
81.0
75.0
63.0
340.0
138.0
67.0
96.0
245.0
322.0
219.0
293.0
89.0
83.0
93.0
178.0
64.0
68.0
94.0
281.0
85.0
175.0
255.0
71.0
76.0
69.0
85.0
131.0
68.0
159.0
81.0
65.0
79.0
72.0
64.0
139.0
85.0
191.0
64.0
65.0
95.0
69.0
198.0
68.0
173.0
213.0
361.0
178.0
120.0
92.0
72.0
111.0
94.0
180.0
165.0
134.0
97.0
64.0
61.0
96.0
100.0
92.0
94.0
94.0
87.0
68.0
170.0
254.0
300.0
92.0
455.0
238.0
369.0
75.0
375.0
110.0
156.0
72.0
94.0
112.0
127.0
125.0
64.0
195.0
115.0
72.0
86.0
132.0
187.0
172.0
65.0
74.0
81.0
70.0
82.0
107.0
196.0
170.0
75.0
97.0
100.0
74.0
108.0
107.0
94.0
82.0
119.0
76.0
71.0
81.0
70.0
91.0
175.0
112.0
83.0
67.0
118.0
66.0
66.0
66.0
66.0
66.0
66.0
66.0
66.0
66.0
66.0
66.0
114.0
229.0
304.0
237.0
179.0
73.0
178.0
137.0
96.0
151.0
70.0
86.0
71.0
413.0
102.0
71.0
81.0
228.0
89.0
169.0
67.0
70.0
68.0
202.0
76.0
69.0
68.0
79.0
74.0
68.0
82.0
165.0
78.0
67.0
86.0
105.0
63.0
71.0
64.0
66.0
65.0
225.0
65.0
65.0
92.0
103.0
91.0
91.0
92.0
176.0
176.0
176.0
176.0
176.0
176.0
176.0
289.0
204.0
84.0
74.0
321.0
98.0
66.0
484.0
75.0
194.0
74.0
175.0
68.0
80.0
63.0
62.0
184.0
87.0
177.0
67.0
62.0
65.0
160.0
62.0
68.0
61.0
72.0
62.0
62.0
62.0
62.0
62.0
62.0
62.0
62.0
62.0
62.0
62.0
62.0
62.0
62.0
62.0
62.0
62.0
193.0
88.0
118.0
99.0
97.0
97.0
97.0
97.0
97.0
97.0
97.0
97.0
97.0
97.0
97.0
97.0
97.0
97.0
97.0
97.0
97.0
97.0
97.0
97.0
97.0
97.0
97.0
97.0
97.0
97.0
97.0
97.0
97.0
97.0
97.0
97.0
97.0
97.0
97.0
97.0
97.0
97.0
97.0
97.0
97.0
97.0
97.0
97.0
97.0
97.0
97.0
97.0
97.0
97.0
97.0
97.0
97.0
97.0
97.0
108.0
96.0
98.0
98.0
97.0
97.0
66.0
65.0
135.0
67.0
99.0
107.0
96.0
100.0
96.0
233.0
97.0
67.0
125.0
271.0
65.0
264.0
359.0
111.0
210.0
69.0
101.0
73.0
276.0
272.0
105.0
109.0
149.0
84.0
124.0
75.0
315.0
73.0
74.0
84.0
68.0
109.0
103.0
172.0
82.0
69.0
80.0
87.0
72.0
93.0
213.0
169.0
95.0
94.0
101.0
123.0
72.0
92.0
212.0
293.0
64.0
103.0
109.0
86.0
91.0
103.0
103.0
270.0
70.0
105.0
73.0
66.0
109.0
94.0
75.0
112.0
339.0
94.0
107.0
178.0
379.0
269.0
312.0
349.0
146.0
220.0
337.0
74.0
103.0
175.0
66.0
180.0
131.0
111.0
66.0
209.0
83.0
224.0
200.0
74.0
133.0
99.0
237.0
118.0
131.0
80.0
743.0
122.0
121.0
149.0
80.0
92.0
70.0
141.0
119.0
253.0
103.0
267.0
130.0
304.0
115.0
119.0
65.0
105.0
130.0
215.0
66.0
121.0
91.0
67.0
138.0
314.0
145.0
144.0
197.0
255.0
93.0
257.0
105.0
109.0
347.0
368.0
352.0
350.0
418.0
244.0
346.0
101.0
111.0
245.0
146.0
129.0
243.0
323.0
172.0
212.0
185.0
602.0
600.0
180.0
177.0
150.0
114.0
221.0
634.0
111.0
112.0
269.0
241.0
261.0
122.0
189.0
113.0
132.0
338.0
102.0
183.0
201.0
103.0
238.0
272.0
112.0
376.0
197.0
210.0
100.0
127.0
250.0
241.0
315.0
241.0
168.0
215.0
166.0
399.0
88.0
102.0
224.0
327.0
127.0
302.0
348.0
284.0
346.0
224.0
385.0
229.0
138.0
105.0
190.0
278.0
80.0
189.0
75.0
124.0
595.0
664.0
260.0
212.0
224.0
120.0
77.0
216.0
253.0
209.0
79.0
137.0
150.0
106.0
151.0
136.0
411.0
367.0
140.0
144.0
200.0
145.0
261.0
116.0
277.0
137.0
74.0
99.0
229.0
200.0
105.0
155.0
243.0
195.0
243.0
86.0
212.0
124.0
74.0
302.0
129.0
91.0
203.0
238.0
252.0
340.0
265.0
334.0
178.0
405.0
346.0
67.0
226.0
145.0
572.0
133.0
132.0
105.0
190.0
289.0
196.0
383.0
121.0
127.0
115.0
96.0
227.0
249.0
172.0
104.0
101.0
101.0
216.0
124.0
201.0
281.0
114.0
98.0
215.0
202.0
102.0
164.0
237.0
124.0
69.0
137.0
153.0
107.0
360.0
298.0
85.0
128.0
71.0
118.0
236.0
241.0
163.0
93.0
72.0
131.0
197.0
218.0
108.0
395.0
366.0
370.0
357.0
360.0
338.0
365.0
208.0
162.0
215.0
191.0
115.0
228.0
70.0
219.0
204.0
291.0
91.0
117.0
190.0
144.0
252.0
151.0
145.0
62.0
156.0
192.0
386.0
138.0
97.0
145.0
101.0
112.0
171.0
109.0
108.0
215.0
69.0
98.0
110.0
76.0
117.0
145.0
107.0
108.0
270.0
77.0
227.0
108.0
340.0
64.0
123.0
204.0
71.0
129.0
218.0
117.0
204.0
93.0
102.0
331.0
211.0
339.0
356.0
287.0
356.0
277.0
110.0
213.0
140.0
295.0
155.0
415.0
208.0
89.0
73.0
203.0
129.0
91.0
117.0
189.0
157.0
165.0
163.0
124.0
68.0
211.0
91.0
205.0
236.0
117.0
104.0
110.0
150.0
158.0
191.0
167.0
210.0
90.0
205.0
138.0
182.0
64.0
67.0
225.0
122.0
70.0
242.0
168.0
206.0
102.0
88.0
131.0
85.0
154.0
140.0
96.0
115.0
110.0
108.0
64.0
323.0
378.0
172.0
266.0
125.0
249.0
101.0
137.0
168.0
207.0
191.0
130.0
103.0
144.0
103.0
220.0
68.0
109.0
205.0
163.0
121.0
108.0
89.0
178.0
152.0
157.0
76.0
87.0
211.0
234.0
426.0
91.0
98.0
181.0
141.0
118.0
88.0
233.0
199.0
211.0
107.0
89.0
74.0
69.0
116.0
243.0
125.0
70.0
74.0
109.0
101.0
201.0
91.0
220.0
95.0
124.0
104.0
59.0
91.0
106.0
261.0
106.0
252.0
185.0
352.0
143.0
104.0
63.0
117.0
75.0
111.0
101.0
88.0
111.0
194.0
190.0
105.0
108.0
138.0
198.0
91.0
75.0
238.0
95.0
106.0
76.0
97.0
78.0
185.0
124.0
115.0
107.0
61.0
114.0
135.0
221.0
117.0
172.0
109.0
106.0
117.0
105.0
188.0
106.0
105.0
347.0
77.0
99.0
74.0
93.0
289.0
242.0
358.0
92.0
80.0
100.0
95.0
105.0
348.0
259.0
68.0
344.0
97.0
324.0
307.0
139.0
275.0
180.0
136.0
68.0
133.0
127.0
227.0
117.0
139.0
119.0
67.0
110.0
186.0
108.0
105.0
104.0
110.0
67.0
258.0
217.0
70.0
133.0
194.0
67.0
272.0
132.0
68.0
244.0
221.0
69.0
71.0
265.0
238.0
99.0
169.0
357.0
136.0
83.0
74.0
163.0
88.0
86.0
117.0
179.0
91.0
102.0
75.0
102.0
72.0
118.0
106.0
112.0
156.0
110.0
244.0
107.0
399.0
411.0
78.0
276.0
118.0
205.0
97.0
121.0
103.0
65.0
74.0
432.0
75.0
114.0
62.0
63.0
94.0
97.0
231.0
99.0
78.0
109.0
255.0
74.0
116.0
88.0
91.0
125.0
104.0
237.0
121.0
92.0
96.0
110.0
65.0
94.0
105.0
65.0
94.0
73.0
196.0
114.0
80.0
74.0
113.0
105.0
78.0
119.0
296.0
66.0
129.0
92.0
204.0
210.0
147.0
213.0
66.0
105.0
88.0
306.0
76.0
376.0
75.0
326.0
225.0
153.0
125.0
113.0
73.0
239.0
190.0
140.0
218.0
160.0
104.0
161.0
85.0
133.0
101.0
171.0
238.0
238.0
205.0
74.0
92.0
97.0
307.0
201.0
99.0
91.0
78.0
104.0
134.0
382.0
228.0
74.0
179.0
144.0
85.0
258.0
244.0
179.0
91.0
74.0
102.0
121.0
332.0
107.0
189.0
259.0
100.0
70.0
119.0
250.0
197.0
127.0
120.0
75.0
150.0
330.0
320.0
347.0
69.0
185.0
278.0
166.0
159.0
393.0
162.0
69.0
73.0
182.0
213.0
253.0
123.0
157.0
148.0
165.0
146.0
82.0
72.0
97.0
244.0
124.0
180.0
116.0
220.0
196.0
87.0
66.0
115.0
94.0
202.0
233.0
102.0
162.0
99.0
147.0
224.0
129.0
183.0
141.0
243.0
154.0
101.0
84.0
87.0
102.0
117.0
80.0
262.0
102.0
89.0
89.0
302.0
132.0
65.0
130.0
112.0
336.0
75.0
310.0
220.0
167.0
293.0
74.0
105.0
223.0
232.0
235.0
207.0
107.0
102.0
87.0
245.0
95.0
128.0
74.0
134.0
236.0
274.0
203.0
92.0
67.0
202.0
208.0
178.0
103.0
228.0
82.0
86.0
106.0
186.0
232.0
111.0
321.0
104.0
218.0
101.0
207.0
202.0
198.0
331.0
195.0
188.0
103.0
232.0
94.0
223.0
245.0
248.0
198.0
127.0
199.0
99.0
235.0
364.0
652.0
220.0
400.0
329.0
406.0
292.0
86.0
217.0
236.0
173.0
156.0
847.0
150.0
183.0
445.0
133.0
310.0
175.0
109.0
149.0
244.0
79.0
352.0
563.0
544.0
175.0
233.0
226.0
410.0
660.0
641.0
94.0
94.0
302.0
279.0
102.0
176.0
92.0
106.0
125.0
235.0
279.0
69.0
271.0
217.0
91.0
76.0
119.0
210.0
317.0
131.0
382.0
272.0
116.0
388.0
302.0
88.0
86.0
193.0
117.0
352.0
89.0
319.0
353.0
328.0
191.0
72.0
143.0
85.0
240.0
81.0
212.0
91.0
140.0
104.0
148.0
249.0
319.0
245.0
211.0
244.0
162.0
400.0
219.0
252.0
253.0
133.0
222.0
114.0
202.0
218.0
208.0
302.0
122.0
270.0
379.0
532.0
132.0
108.0
140.0
138.0
261.0
741.0
223.0
288.0
127.0
108.0
73.0
105.0
145.0
306.0
251.0
131.0
74.0
178.0
114.0
257.0
239.0
313.0
97.0
213.0
367.0
331.0
353.0
261.0
226.0
224.0
322.0
94.0
100.0
324.0
179.0
223.0
201.0
185.0
82.0
170.0
223.0
401.0
113.0
135.0
189.0
241.0
132.0
248.0
175.0
79.0
137.0
300.0
176.0
229.0
251.0
124.0
87.0
103.0
86.0
343.0
179.0
270.0
129.0
137.0
97.0
116.0
93.0
214.0
255.0
86.0
102.0
68.0
78.0
107.0
180.0
219.0
87.0
117.0
105.0
206.0
108.0
100.0
192.0
420.0
70.0
230.0
313.0
261.0
236.0
397.0
68.0
184.0
98.0
361.0
120.0
98.0
84.0
171.0
257.0
369.0
67.0
234.0
204.0
149.0
331.0
269.0
69.0
141.0
108.0
73.0
83.0
267.0
88.0
100.0
86.0
65.0
165.0
347.0
66.0
134.0
94.0
95.0
103.0
92.0
131.0
90.0
72.0
63.0
94.0
96.0
62.0
155.0
93.0
295.0
96.0
133.0
77.0
228.0
108.0
73.0
87.0
334.0
73.0
234.0
279.0
61.0
282.0
103.0
199.0
146.0
109.0
66.0
119.0
89.0
87.0
60.0
103.0
90.0
168.0
65.0
67.0
130.0
121.0
117.0
70.0
195.0
104.0
74.0
180.0
73.0
120.0
64.0
229.0
78.0
114.0
87.0
62.0
58.0
79.0
70.0
58.0
210.0
156.0
82.0
62.0
73.0
60.0
77.0
64.0
234.0
66.0
61.0
63.0
67.0
57.0
83.0
166.0
83.0
119.0
119.0
119.0
119.0
119.0
119.0
119.0
119.0
119.0
119.0
119.0
95.0
84.0
83.0
83.0
108.0
83.0
71.0
70.0
106.0
112.0
60.0
57.0
55.0
86.0
164.0
58.0
148.0
66.0
117.0
127.0
61.0
68.0
216.0
59.0
65.0
136.0
203.0
138.0
88.0
225.0
181.0
70.0
236.0
151.0
72.0
200.0
138.0
202.0
289.0
105.0
100.0
115.0
67.0
111.0
258.0
80.0
68.0
73.0
67.0
116.0
261.0
144.0
96.0
222.0
78.0
295.0
369.0
321.0
346.0
107.0
218.0
229.0
145.0
160.0
103.0
95.0
121.0
82.0
180.0
401.0
71.0
102.0
150.0
279.0
120.0
276.0
381.0
100.0
109.0
70.0
229.0
101.0
124.0
406.0
101.0
122.0
117.0
75.0
117.0
202.0
75.0
239.0
110.0
128.0
219.0
93.0
126.0
68.0
206.0
97.0
69.0
91.0
269.0
67.0
99.0
137.0
70.0
292.0
99.0
67.0
91.0
120.0
66.0
114.0
450.0
315.0
124.0
355.0
264.0
144.0
240.0
116.0
152.0
104.0
88.0
214.0
86.0
100.0
211.0
129.0
85.0
223.0
160.0
107.0
293.0
66.0
106.0
113.0
209.0
111.0
75.0
94.0
212.0
90.0
211.0
84.0
261.0
89.0
113.0
69.0
215.0
172.0
72.0
249.0
86.0
69.0
126.0
128.0
287.0
101.0
114.0
244.0
92.0
97.0
285.0
115.0
92.0
103.0
64.0
152.0
93.0
66.0
144.0
86.0
209.0
272.0
322.0
330.0
309.0
167.0
195.0
111.0
89.0
210.0
89.0
108.0
207.0
69.0
157.0
100.0
72.0
124.0
129.0
103.0
271.0
73.0
64.0
109.0
99.0
134.0
170.0
106.0
64.0
96.0
97.0
65.0
76.0
98.0
63.0
90.0
220.0
76.0
113.0
65.0
83.0
169.0
63.0
94.0
350.0
60.0
68.0
70.0
61.0
269.0
83.0
223.0
125.0
91.0
142.0
108.0
68.0
93.0
155.0
309.0
103.0
370.0
331.0
369.0
279.0
65.0
225.0
83.0
253.0
99.0
77.0
97.0
95.0
5269.0
216.0
110.0
68.0
171.0
101.0
136.0
70.0
107.0
138.0
189.0
157.0
138.0
76.0
121.0
118.0
70.0
118.0
271.0
190.0
80.0
84.0
108.0
84.0
82.0
286.0
299.0
101.0
85.0
67.0
186.0
108.0
110.0
64.0
75.0
96.0
113.0
292.0
263.0
91.0
90.0
86.0
70.0
74.0
240.0
144.0
312.0
68.0
524.0
120.0
298.0
442.0
225.0
226.0
191.0
104.0
71.0
135.0
173.0
144.0
291.0
116.0
109.0
139.0
137.0
236.0
232.0
195.0
524.0
68.0
199.0
118.0
252.0
207.0
157.0
122.0
183.0
74.0
110.0
76.0
383.0
251.0
280.0
75.0
121.0
99.0
272.0
106.0
123.0
310.0
280.0
101.0
208.0
421.0
95.0
228.0
221.0
181.0
202.0
96.0
66.0
105.0
119.0
134.0
267.0
197.0
286.0
358.0
272.0
319.0
320.0
295.0
335.0
86.0
155.0
187.0
194.0
110.0
83.0
126.0
89.0
194.0
254.0
117.0
72.0
107.0
307.0
197.0
627.0
262.0
92.0
111.0
123.0
70.0
213.0
183.0
202.0
79.0
68.0
130.0
248.0
106.0
213.0
223.0
77.0
100.0
96.0
108.0
207.0
98.0
412.0
214.0
71.0
105.0
200.0
162.0
276.0
315.0
150.0
104.0
175.0
98.0
255.0
293.0
298.0
360.0
231.0
329.0
422.0
132.0
346.0
366.0
416.0
112.0
260.0
639.0
136.0
499.0
565.0
89.0
164.0
98.0
107.0
260.0
214.0
124.0
190.0
228.0
87.0
152.0
202.0
205.0
95.0
102.0
184.0
177.0
313.0
180.0
180.0
200.0
186.0
87.0
97.0
153.0
171.0
286.0
262.0
199.0
214.0
144.0
225.0
208.0
175.0
113.0
243.0
223.0
93.0
130.0
95.0
90.0
299.0
311.0
100.0
204.0
71.0
95.0
327.0
484.0
320.0
395.0
254.0
282.0
218.0
141.0
271.0
171.0
166.0
100.0
223.0
191.0
132.0
121.0
404.0
133.0
91.0
187.0
301.0
132.0
128.0
89.0
131.0
102.0
230.0
217.0
201.0
137.0
132.0
250.0
90.0
200.0
72.0
70.0
124.0
90.0
221.0
77.0
162.0
176.0
94.0
128.0
202.0
209.0
97.0
93.0
268.0
96.0
74.0
255.0
219.0
125.0
104.0
98.0
289.0
87.0
265.0
106.0
217.0
353.0
383.0
389.0
402.0
310.0
253.0
241.0
91.0
106.0
185.0
166.0
92.0
70.0
147.0
103.0
217.0
141.0
176.0
111.0
95.0
168.0
85.0
175.0
241.0
85.0
84.0
156.0
91.0
99.0
128.0
91.0
61.0
66.0
59.0
110.0
104.0
98.0
74.0
241.0
75.0
181.0
251.0
90.0
101.0
112.0
101.0
80.0
78.0
309.0
93.0
125.0
89.0
95.0
70.0
150.0
98.0
62.0
62.0
123.0
66.0
66.0
218.0
116.0
421.0
379.0
94.0
225.0
135.0
269.0
245.0
132.0
198.0
102.0
102.0
101.0
248.0
211.0
88.0
157.0
108.0
125.0
160.0
250.0
76.0
72.0
159.0
94.0
75.0
80.0
252.0
69.0
110.0
73.0
103.0
77.0
155.0
248.0
112.0
469.0
250.0
102.0
67.0
125.0
59.0
107.0
99.0
312.0
68.0
104.0
88.0
106.0
70.0
279.0
124.0
116.0
72.0
77.0
230.0
72.0
157.0
124.0
294.0
86.0
163.0
72.0
92.0
202.0
108.0
158.0
127.0
108.0
116.0
219.0
60.0
84.0
68.0
145.0
128.0
139.0
113.0
172.0
66.0
63.0
177.0
116.0
67.0
67.0
67.0
67.0
67.0
67.0
67.0
67.0
67.0
67.0
67.0
100.0
121.0
97.0
95.0
92.0
91.0
90.0
153.0
91.0
90.0
240.0
78.0
106.0
202.0
123.0
69.0
62.0
76.0
70.0
65.0
93.0
91.0
141.0
91.0
97.0
97.0
97.0
97.0
97.0
97.0
97.0
101.0
124.0
153.0
59.0
62.0
168.0
64.0
88.0
159.0
66.0
87.0
241.0
151.0
107.0
107.0
107.0
107.0
107.0
107.0
107.0
93.0
91.0
88.0
90.0
89.0
176.0
75.0
61.0
59.0
89.0
89.0
89.0
88.0
183.0
183.0
183.0
183.0
183.0
183.0
183.0
183.0
183.0
183.0
183.0
97.0
67.0
66.0
62.0
188.0
64.0
100.0
60.0
80.0
168.0
100.0
184.0
114.0
101.0
191.0
99.0
103.0
101.0
103.0
175.0
175.0
175.0
175.0
175.0
175.0
175.0
113.0
106.0
101.0
115.0
115.0
115.0
115.0
115.0
115.0
115.0
119.0
100.0
100.0
105.0
198.0
79.0
101.0
66.0
349.0
101.0
76.0
88.0
257.0
201.0
129.0
73.0
225.0
139.0
84.0
66.0
70.0
71.0
66.0
67.0
207.0
104.0
125.0
78.0
112.0
73.0
105.0
259.0
105.0
157.0
296.0
318.0
146.0
246.0
90.0
165.0
208.0
60.0
82.0
86.0
86.0
92.0
119.0
89.0
87.0
86.0
89.0
88.0
174.0
88.0
89.0
89.0
89.0
100.0
90.0
211.0
72.0
58.0
62.0
64.0
106.0
116.0
76.0
78.0
262.0
69.0
86.0
109.0
89.0
130.0
312.0
69.0
188.0
93.0
100.0
76.0
96.0
75.0
94.0
153.0
121.0
78.0
70.0
80.0
72.0
69.0
163.0
245.0
118.0
83.0
346.0
69.0
150.0
255.0
131.0
62.0
187.0
176.0
66.0
108.0
79.0
61.0
329.0
107.0
62.0
88.0
140.0
72.0
257.0
235.0
68.0
83.0
80.0
73.0
73.0
93.0
62.0
83.0
66.0
142.0
113.0
221.0
159.0
197.0
63.0
71.0
93.0
63.0
63.0
72.0
57.0
177.0
56.0
66.0
61.0
56.0
86.0
85.0
93.0
85.0
85.0
59.0
88.0
58.0
63.0
58.0
80.0
220.0
64.0
66.0
333.0
92.0
87.0
242.0
89.0
88.0
161.0
111.0
88.0
88.0
89.0
66.0
93.0
155.0
155.0
90.0
90.0
90.0
88.0
87.0
88.0
193.0
63.0
62.0
225.0
97.0
62.0
68.0
256.0
68.0
75.0
72.0
223.0
73.0
60.0
195.0
89.0
60.0
60.0
61.0
63.0
76.0
188.0
146.0
109.0
97.0
97.0
358.0
96.0
96.0
92.0
108.0
89.0
63.0
252.0
59.0
94.0
96.0
102.0
98.0
336.0
69.0
203.0
348.0
64.0
93.0
113.0
195.0
132.0
119.0
99.0
66.0
80.0
63.0
100.0
345.0
67.0
87.0
89.0
62.0
88.0
86.0
65.0
235.0
62.0
95.0
120.0
209.0
113.0
109.0
91.0
154.0
375.0
91.0
120.0
67.0
71.0
129.0
67.0
165.0
212.0
62.0
65.0
82.0
61.0
97.0
143.0
224.0
147.0
63.0
94.0
113.0
63.0
82.0
89.0
259.0
123.0
65.0
97.0
88.0
299.0
87.0
361.0
68.0
65.0
349.0
80.0
133.0
62.0
73.0
161.0
226.0
95.0
91.0
65.0
91.0
61.0
223.0
175.0
87.0
64.0
107.0
131.0
59.0
236.0
98.0
87.0
224.0
98.0
121.0
74.0
68.0
105.0
95.0
67.0
203.0
63.0
77.0
276.0
88.0
204.0
70.0
59.0
86.0
66.0
191.0
64.0
61.0
197.0
83.0
666.0
120.0
63.0
119.0
89.0
88.0
107.0
146.0
207.0
294.0
133.0
336.0
270.0
249.0
193.0
164.0
151.0
61.0
145.0
144.0
59.0
272.0
170.0
117.0
150.0
84.0
92.0
217.0
94.0
89.0
90.0
144.0
106.0
122.0
183.0
98.0
81.0
85.0
175.0
65.0
223.0
176.0
65.0
122.0
63.0
91.0
123.0
72.0
75.0
213.0
99.0
406.0
62.0
202.0
92.0
105.0
129.0
72.0
96.0
101.0
240.0
72.0
102.0
98.0
544.0
183.0
75.0
195.0
86.0
291.0
87.0
325.0
189.0
225.0
226.0
81.0
67.0
101.0
272.0
220.0
186.0
62.0
62.0
84.0
89.0
120.0
102.0
98.0
253.0
164.0
64.0
136.0
176.0
95.0
204.0
67.0
67.0
69.0
81.0
207.0
65.0
87.0
90.0
120.0
144.0
90.0
218.0
116.0
114.0
90.0
117.0
163.0
130.0
115.0
176.0
172.0
93.0
69.0
77.0
213.0
294.0
219.0
70.0
388.0
209.0
64.0
78.0
181.0
238.0
369.0
356.0
366.0
167.0
119.0
359.0
111.0
114.0
70.0
161.0
208.0
67.0
141.0
61.0
130.0
67.0
143.0
85.0
129.0
99.0
75.0
80.0
206.0
214.0
117.0
124.0
90.0
256.0
139.0
124.0
77.0
159.0
75.0
87.0
72.0
96.0
178.0
120.0
106.0
173.0
117.0
196.0
67.0
78.0
125.0
62.0
86.0
76.0
64.0
449.0
128.0
72.0
249.0
114.0
65.0
95.0
63.0
290.0
115.0
62.0
78.0
272.0
62.0
384.0
82.0
68.0
225.0
106.0
67.0
116.0
121.0
63.0
153.0
442.0
76.0
133.0
117.0
239.0
102.0
144.0
67.0
74.0
98.0
91.0
194.0
80.0
60.0
103.0
62.0
117.0
115.0
259.0
96.0
95.0
60.0
104.0
122.0
74.0
172.0
59.0
85.0
60.0
74.0
84.0
190.0
90.0
67.0
59.0
81.0
58.0
69.0
216.0
163.0
98.0
80.0
137.0
98.0
267.0
149.0
336.0
98.0
210.0
367.0
65.0
216.0
73.0
352.0
94.0
159.0
119.0
86.0
130.0
83.0
97.0
73.0
76.0
87.0
166.0
137.0
100.0
212.0
121.0
66.0
93.0
130.0
64.0
92.0
75.0
64.0
64.0
71.0
212.0
175.0
63.0
67.0
64.0
89.0
91.0
63.0
174.0
223.0
89.0
120.0
88.0
155.0
88.0
82.0
96.0
202.0
66.0
64.0
98.0
148.0
92.0
92.0
92.0
92.0
92.0
92.0
92.0
92.0
95.0
337.0
94.0
94.0
242.0
96.0
64.0
63.0
123.0
193.0
94.0
61.0
100.0
98.0
64.0
100.0
299.0
432.0
77.0
88.0
93.0
92.0
200.0
209.0
61.0
60.0
68.0
87.0
60.0
67.0
100.0
61.0
113.0
79.0
60.0
77.0
67.0
67.0
251.0
126.0
73.0
82.0
69.0
68.0
71.0
75.0
352.0
69.0
65.0
102.0
89.0
380.0
114.0
309.0
247.0
96.0
332.0
205.0
383.0
279.0
283.0
358.0
89.0
118.0
70.0
280.0
124.0
93.0
69.0
72.0
96.0
102.0
158.0
112.0
110.0
139.0
156.0
187.0
144.0
91.0
68.0
82.0
88.0
75.0
200.0
62.0
105.0
141.0
94.0
79.0
68.0
63.0
232.0
67.0
94.0
248.0
69.0
102.0
259.0
124.0
121.0
69.0
127.0
181.0
65.0
147.0
147.0
86.0
106.0
72.0
66.0
72.0
344.0
69.0
123.0
61.0
105.0
113.0
362.0
71.0
200.0
82.0
128.0
345.0
69.0
139.0
96.0
210.0
115.0
86.0
82.0
160.0
61.0
109.0
400.0
73.0
137.0
101.0
160.0
78.0
59.0
234.0
259.0
60.0
65.0
64.0
61.0
72.0
62.0
142.0
69.0
101.0
103.0
68.0
73.0
69.0
114.0
202.0
65.0
65.0
65.0
65.0
65.0
65.0
65.0
99.0
98.0
89.0
89.0
94.0
90.0
102.0
144.0
118.0
110.0
136.0
101.0
104.0
152.0
361.0
206.0
194.0
225.0
412.0
64.0
87.0
84.0
164.0
79.0
62.0
66.0
71.0
61.0
223.0
82.0
72.0
103.0
104.0
68.0
93.0
97.0
359.0
94.0
205.0
61.0
73.0
104.0
103.0
151.0
106.0
76.0
77.0
343.0
70.0
103.0
67.0
274.0
70.0
72.0
184.0
81.0
68.0
86.0
209.0
67.0
108.0
68.0
169.0
74.0
72.0
89.0
179.0
91.0
69.0
195.0
114.0
222.0
64.0
285.0
66.0
331.0
103.0
97.0
442.0
68.0
103.0
61.0
109.0
133.0
94.0
103.0
105.0
120.0
105.0
124.0
257.0
104.0
114.0
102.0
75.0
214.0
69.0
66.0
166.0
92.0
64.0
127.0
65.0
70.0
68.0
218.0
108.0
65.0
66.0
62.0
88.0
66.0
92.0
104.0
67.0
85.0
67.0
81.0
72.0
242.0
82.0
99.0
70.0
187.0
65.0
238.0
233.0
69.0
68.0
70.0
124.0
322.0
97.0
66.0
319.0
264.0
159.0
283.0
65.0
69.0
145.0
83.0
66.0
90.0
63.0
91.0
67.0
68.0
126.0
65.0
87.0
61.0
105.0
210.0
61.0
101.0
61.0
108.0
95.0
81.0
65.0
154.0
62.0
222.0
87.0
97.0
112.0
156.0
93.0
90.0
88.0
61.0
72.0
71.0
71.0
351.0
217.0
276.0
70.0
77.0
72.0
84.0
269.0
277.0
83.0
240.0
84.0
67.0
394.0
89.0
63.0
107.0
93.0
310.0
96.0
300.0
332.0
204.0
68.0
69.0
109.0
243.0
62.0
69.0
64.0
92.0
70.0
228.0
72.0
64.0
136.0
64.0
128.0
61.0
156.0
105.0
66.0
93.0
94.0
244.0
76.0
173.0
102.0
281.0
108.0
57.0
110.0
64.0
61.0
302.0
367.0
79.0
84.0
73.0
64.0
122.0
84.0
305.0
396.0
73.0
69.0
89.0
74.0
268.0
84.0
154.0
102.0
69.0
84.0
102.0
91.0
236.0
336.0
234.0
99.0
345.0
153.0
62.0
142.0
87.0
67.0
95.0
65.0
90.0
168.0
61.0
92.0
177.0
79.0
249.0
107.0
132.0
64.0
112.0
384.0
68.0
98.0
