59.0
59.0
60.0
61.0
61.0
395.19
283.49
329.94
104.22
123.83
145.5
82.01
112.79
105.26
97.33
110.34
111.53
168.05
170.66
175.26
121.9
151.54
123.62
192.89
93.49
112.91
107.42
120.31
151.74
134.75
169.31
194.04
220.2
215.03
203.76
153.85
149.15
113.4
139.18
150.99
193.18
201.27
189.37
148.23
200.55
210.46
220.86
143.67
118.24
144.15
262.07
195.7
138.53
90.24
146.2
141.49
97.0
119.08
91.44
109.4
90.47
110.83
106.31
82.37
110.84
110.16
144.27
109.89
113.64
138.16
160.55
134.49
121.57
75.88
90.4
137.25
192.49
239.66
253.96
204.22
223.0
148.58
125.44
132.89
117.88
86.12
80.59
119.09
153.72
196.35
204.8
101.99
118.58
127.08
108.82
110.88
122.4
151.68
109.09
101.53
139.44
193.63
146.11
194.66
114.82
100.87
128.42
129.95
137.29
136.98
144.97
120.3
129.5
185.72
233.91
225.54
199.92
169.72
178.36
139.55
117.99
176.17
129.98
141.84
181.43
219.45
189.03
99.36
89.6
166.9
161.87
193.77
204.41
177.52
193.35
136.14
128.76
161.85
91.87
112.8
120.51
65.0
64.26
96.04
111.76
111.95
122.81
105.34
145.26
185.96
222.67
275.01
186.48
90.78
133.47
206.39
179.48
117.98
105.35
146.36
171.16
116.82
92.7
110.68
109.01
155.08
77.83
87.51
108.97
102.56
105.63
107.19
93.13
146.99
143.8
179.45
142.35
133.89
92.46
84.44
101.68
118.4
169.67
173.79
96.39
79.31
83.75
82.68
115.58
123.47
103.86
111.79
93.91
69.05
84.77
137.41
116.78
139.57
105.68
161.14
116.74
114.83
105.73
106.44
152.29
239.46
209.4
150.29
99.37
86.3
102.59
133.17
127.37
110.65
161.08
208.98
148.23
115.16
163.73
74.5
106.91
99.41
142.7
180.9
135.96
151.82
87.51
97.06
118.28
80.5
115.94
124.87
108.28
130.66
114.03
81.18
105.65
87.63
141.44
157.47
202.11
174.3
95.51
140.35
146.12
144.1
129.4
72.14
105.88
97.49
83.73
112.63
127.75
142.83
141.41
216.27
114.59
79.69
82.69
159.42
206.15
278.13
289.87
146.56
137.09
109.53
112.17
130.82
184.19
185.14
184.51
163.82
147.78
113.44
208.85
215.55
182.54
210.52
147.23
123.42
93.76
133.93
125.38
180.46
98.75
182.45
253.02
255.55
303.93
223.95
221.27
73.36
95.8
132.81
139.31
114.29
106.33
92.24
76.81
104.5
99.88
126.79
96.35
115.35
146.58
143.53
143.59
197.01
104.76
93.79
171.06
110.85
121.82
146.04
156.3
80.92
104.91
203.2
218.05
179.5
101.18
89.13
119.6
140.1
151.13
119.25
73.15
76.86
134.93
139.27
143.08
104.8
165.44
253.89
202.7
114.08
164.15
192.66
130.97
109.6
133.34
169.71
193.92
204.04
173.69
82.97
119.79
105.84
120.89
76.66
102.73
129.62
144.84
120.37
142.95
194.32
228.64
162.91
115.68
96.46
146.21
92.43
131.33
134.97
90.08
99.54
102.85
163.74
186.0
188.21
184.11
207.8
155.85
150.46
107.97
125.38
156.24
153.45
199.42
170.2
158.67
99.49
111.08
119.87
82.1
87.09
105.2
164.48
164.65
148.42
155.26
131.09
131.88
143.14
181.12
153.8
79.05
97.37
157.71
96.39
144.38
132.98
134.9
136.69
178.32
86.39
120.3
145.48
152.85
121.14
65.54
63.55
62.02
72.36
88.89
90.79
109.45
151.83
119.49
143.55
213.81
93.66
195.11
120.61
85.55
96.41
118.61
122.41
172.64
155.32
165.85
118.36
167.41
149.24
113.78
109.74
145.71
152.78
151.73
191.23
181.38
120.23
124.2
133.64
97.5
88.5
92.97
93.66
142.11
101.78
69.71
83.72
92.5
127.84
113.03
168.6
122.08
105.75
130.97
175.65
151.91
98.75
85.0
75.73
109.72
105.52
134.02
137.34
77.54
121.57
144.03
188.21
190.68
206.18
191.73
232.56
123.06
104.57
73.99
81.37
124.88
178.23
128.84
69.93
117.65
116.18
117.57
115.58
92.75
142.48
99.63
106.45
128.99
135.68
96.54
115.92
117.57
99.56
124.11
107.25
106.1
93.64
132.19
158.6
168.32
176.89
196.68
168.66
151.5
235.34
215.44
158.18
107.6
117.67
109.72
177.49
140.43
181.82
201.07
104.72
92.83
99.98
132.98
135.14
99.35
161.46
90.5
161.61
130.33
116.8
88.45
100.39
96.5
130.38
134.36
82.69
101.23
90.08
83.57
103.49
90.89
102.01
137.9
116.5
185.89
162.21
147.76
117.34
90.14
100.34
91.3
130.94
143.53
175.26
138.52
139.04
132.36
115.69
87.72
116.02
175.98
190.94
124.47
121.3
115.9
126.65
85.25
103.31
101.59
148.91
128.86
81.64
89.89
139.26
139.55
191.89
154.05
144.99
120.15
110.48
183.88
161.79
145.24
202.17
249.94
211.35
237.27
176.7
147.95
101.79
89.1
111.2
168.49
204.42
241.86
133.17
100.37
158.44
93.19
132.32
175.88
122.72
123.45
124.48
94.46
93.63
89.12
127.69
154.51
107.9
103.63
113.67
133.23
128.3
125.43
113.6
177.39
137.7
203.08
148.34
120.15
105.77
127.35
97.76
102.02
117.9
177.57
195.44
246.44
149.39
114.35
109.24
140.03
70.6
108.05
171.47
122.51
128.75
97.63
185.17
214.55
170.14
168.37
176.07
181.66
116.13
93.88
84.01
113.72
105.34
106.56
112.66
110.85
128.87
86.71
119.32
139.74
167.38
158.17
154.54
137.84
148.94
87.38
94.24
153.45
135.23
146.37
135.7
125.03
114.56
196.74
195.93
296.96
239.45
283.68
262.54
257.5
271.95
192.73
106.34
123.62
89.09
102.28
93.84
121.88
123.98
113.06
119.88
127.36
77.51
102.36
167.65
215.6
157.07
100.87
112.58
124.12
79.73
115.3
122.4
141.3
147.3
162.03
144.27
118.4
118.65
113.71
129.91
127.89
119.13
130.02
94.89
85.73
126.52
114.28
108.37
126.36
166.27
164.89
115.41
126.1
149.34
81.57
153.35
143.96
293.9
243.52
130.47
130.41
119.79
89.13
96.33
173.33
87.1
128.44
184.9
157.68
118.08
128.07
197.42
172.05
162.3
106.68
163.69
108.43
135.41
145.98
240.74
159.75
160.22
155.17
143.18
142.59
127.08
132.08
104.67
124.7
137.1
103.46
89.68
84.41
120.97
159.77
176.05
159.53
176.65
170.28
187.09
116.33
89.65
91.06
99.46
137.61
131.78
112.14
73.75
147.65
142.9
111.64
122.62
82.45
95.82
72.51
66.54
116.29
66.94
78.09
90.26
119.47
196.67
74.92
101.71
113.32
155.87
167.18
120.14
144.53
86.62
84.45
130.57
133.78
125.83
134.77
103.68
112.36
119.89
119.01
101.42
98.2
156.14
184.7
174.56
158.68
124.86
186.04
115.83
100.94
128.92
154.64
82.82
99.0
141.66
226.02
209.58
164.57
139.11
116.78
96.49
135.34
166.58
246.06
289.61
203.94
164.79
200.28
154.57
128.53
143.7
149.18
113.32
149.84
179.16
173.75
138.3
86.22
116.62
98.63
110.53
103.05
217.75
179.37
137.46
172.87
141.18
167.11
206.12
168.74
108.13
156.88
127.17
140.75
140.75
138.18
144.61
159.82
108.23
148.88
215.03
228.76
156.61
189.14
145.68
94.9
88.21
104.54
108.0
131.7
81.93
107.93
110.98
195.06
153.99
127.79
144.54
152.21
90.21
115.61
125.82
150.53
98.54
123.05
127.0
188.6
129.9
129.55
95.05
76.45
96.27
106.19
115.57
149.96
85.65
68.94
98.81
141.61
112.2
91.44
116.53
179.89
97.71
82.37
74.58
75.15
82.23
124.92
93.84
89.58
136.18
174.38
255.77
255.78
283.03
145.36
88.2
91.53
101.13
90.79
91.38
108.93
86.48
103.69
92.14
155.0
213.6
177.91
110.43
90.08
71.13
77.55
98.25
84.14
117.31
107.4
136.82
123.95
133.39
161.13
180.93
132.87
111.47
160.17
127.92
110.08
127.63
161.39
184.98
176.74
152.42
174.11
237.09
201.83
210.33
125.32
146.57
112.93
92.53
153.33
147.73
114.3
101.55
101.85
126.73
140.8
103.69
220.56
305.44
347.13
366.05
197.41
224.47
128.03
143.56
182.46
181.28
131.18
193.73
165.71
211.19
104.96
116.11
150.93
234.95
239.95
285.87
199.14
167.75
187.04
216.99
105.96
111.37
100.18
98.39
100.2
139.17
178.95
233.31
139.72
90.89
80.12
169.54
117.55
81.51
88.96
106.24
122.19
103.21
101.71
85.5
143.31
133.17
136.6
151.6
209.31
274.96
154.81
131.85
113.31
113.81
156.75
188.44
202.21
158.3
137.86
113.94
170.91
150.77
147.52
196.7
127.69
119.48
137.12
225.46
238.89
273.01
191.82
167.9
182.19
117.01
86.07
90.99
105.67
97.43
74.77
94.43
132.07
160.08
177.68
175.3
162.06
157.21
197.44
184.98
109.64
76.73
86.78
158.01
123.31
119.61
105.26
101.65
116.85
187.85
136.4
82.21
99.11
86.37
116.11
201.16
184.32
193.5
201.37
166.81
176.52
191.26
105.88
148.58
83.9
115.78
121.32
137.07
214.72
180.78
176.61
161.56
217.61
202.26
145.04
139.82
179.45
98.76
126.08
138.37
211.94
121.83
90.54
151.03
144.38
172.34
196.04
185.34
187.92
230.74
196.29
163.32
104.85
102.98
88.76
89.02
104.68
134.16
72.25
119.6
83.05
95.54
120.78
139.27
305.15
321.19
258.44
248.32
78.7
80.75
121.96
107.59
154.91
241.43
191.71
142.32
95.38
91.41
151.92
137.15
119.25
146.02
139.16
135.45
146.66
164.32
154.96
133.95
150.47
98.51
132.41
117.78
86.17
90.74
169.84
158.85
127.59
197.79
215.91
144.28
189.96
144.97
187.35
203.71
216.45
209.04
201.42
101.34
108.8
88.05
154.79
246.89
142.21
145.11
132.72
138.65
147.97
111.97
199.6
167.83
111.97
91.4
106.39
149.5
130.1
88.8
112.4
88.95
112.11
134.02
139.32
162.43
166.8
235.89
203.42
201.22
198.59
143.46
106.39
115.36
116.61
168.83
120.99
81.53
83.52
89.23
96.75
117.15
107.86
96.96
103.77
91.36
105.18
85.44
104.02
123.3
238.49
193.5
149.71
139.05
169.83
155.21
196.26
122.27
160.76
115.33
103.16
156.34
106.33
113.59
114.63
94.61
119.83
227.28
247.82
181.39
194.17
143.0
127.82
86.63
77.59
82.02
89.63
155.51
108.32
95.44
159.65
138.91
185.53
173.35
147.93
117.98
98.36
111.7
150.99
120.58
119.87
131.99
90.61
128.65
131.69
147.91
128.3
99.04
107.96
180.09
164.79
163.1
195.48
179.98
148.25
86.86
101.76
122.86
106.06
84.38
161.75
188.93
164.61
173.67
124.61
119.45
104.74
206.43
231.14
169.38
140.6
141.99
137.19
188.7
254.74
149.56
136.24
112.69
126.02
107.41
140.33
140.98
223.45
151.49
125.66
93.96
156.19
109.68
103.07
94.33
100.99
113.22
173.93
133.26
107.48
116.76
114.63
127.01
155.45
161.66
226.59
126.38
91.36
107.5
74.74
98.08
115.53
112.48
123.23
142.89
148.74
132.97
117.94
108.62
126.9
113.11
90.05
117.74
153.02
206.5
172.68
164.91
194.69
221.64
109.92
140.4
191.6
239.04
151.63
106.44
118.78
187.69
187.22
117.63
82.45
110.28
86.06
97.24
80.4
103.86
104.3
88.62
128.77
158.51
98.13
91.01
105.79
134.91
100.02
192.08
128.51
121.27
143.11
121.08
95.67
148.8
145.66
135.69
130.43
181.07
173.2
117.99
96.67
120.92
195.1
123.03
140.59
152.28
183.81
176.44
113.6
96.82
86.27
95.23
158.81
118.13
121.73
120.97
112.32
107.33
133.47
134.19
84.29
101.25
94.81
143.88
135.13
151.04
162.83
81.12
103.89
92.95
111.09
97.08
143.13
133.56
112.98
161.53
170.7
168.28
229.96
197.02
185.05
207.73
148.76
136.54
105.24
107.05
158.22
172.51
133.4
84.11
136.12
216.02
251.56
186.68
121.71
198.09
126.72
150.06
232.37
208.73
150.42
115.54
127.64
153.28
146.53
210.8
244.91
263.39
267.9
238.82
199.65
205.7
231.49
233.63
196.25
211.4
216.15
185.42
202.08
198.63
149.02
186.81
233.08
249.4
143.82
111.43
75.33
109.43
113.45
96.83
130.44
130.44
110.51
189.11
170.62
163.84
194.29
161.44
113.05
93.82
107.5
135.88
165.34
165.8
96.85
74.36
112.06
126.88
117.16
83.75
113.72
94.35
100.77
140.7
92.5
93.14
70.43
121.05
69.84
126.26
176.52
112.65
151.78
129.58
151.54
74.07
91.94
97.51
124.84
171.56
202.58
109.92
92.26
88.81
77.75
76.17
70.86
77.06
90.97
90.5
93.04
130.68
163.6
128.14
190.38
150.39
113.45
129.65
153.28
180.32
193.81
166.47
129.08
101.83
122.54
84.89
131.01
87.07
138.64
168.1
206.88
165.69
93.27
96.38
96.08
110.39
131.15
77.31
116.1
119.56
128.23
114.52
77.78
117.49
169.47
190.81
211.44
169.62
85.24
103.33
106.64
103.01
127.46
100.64
148.78
166.46
106.72
147.72
102.04
93.17
86.26
101.16
115.64
136.83
159.5
93.69
69.53
122.66
162.03
206.17
143.44
124.99
109.13
127.57
105.72
151.95
173.62
159.82
130.86
97.08
158.4
202.72
249.14
261.93
216.84
173.58
196.73
124.93
141.02
232.91
206.15
211.93
167.37
150.91
117.15
148.23
117.28
146.98
156.39
188.36
172.42
162.06
165.9
158.72
115.78
121.98
184.1
98.2
143.57
139.52
104.4
82.53
134.35
84.9
102.78
150.22
134.09
110.45
173.76
152.14
163.57
157.66
141.69
109.68
125.43
201.23
183.75
125.78
78.01
119.18
106.68
148.29
216.04
208.78
363.77
255.13
263.8
252.8
184.5
164.04
145.65
187.62
162.86
120.48
90.25
128.39
193.41
137.61
139.16
72.63
101.63
85.63
163.45
233.72
192.73
147.94
90.11
134.28
239.31
150.61
98.33
141.66
141.04
127.01
75.27
98.0
76.75
79.52
116.95
128.27
138.72
156.98
173.23
238.57
290.67
315.55
312.95
286.24
310.76
265.96
172.41
131.36
139.27
99.43
113.51
155.05
79.98
91.78
103.97
97.66
104.89
108.41
165.24
176.13
113.38
135.36
144.93
255.06
258.26
108.04
91.65
158.57
227.01
188.25
190.74
213.98
153.63
147.68
120.4
173.65
183.34
121.73
113.82
88.54
104.98
132.11
123.18
95.82
97.69
103.74
123.04
125.8
138.25
154.85
112.54
98.13
107.09
100.18
107.96
119.78
82.15
122.85
144.98
93.89
116.19
90.74
91.96
144.08
188.86
253.01
175.04
175.53
202.4
110.71
116.53
144.56
218.51
129.26
108.83
138.93
84.49
151.08
127.54
104.3
110.03
105.79
123.65
104.05
127.11
173.97
172.96
129.88
112.96
87.56
95.29
99.87
108.63
171.77
177.03
212.91
201.18
113.06
133.02
144.77
107.06
73.09
83.21
74.79
84.57
123.55
