59.0
59.0
60.0
61.0
61.0
640.0
1148.0
1789.0
387.0
797.0
756.0
369.0
429.0
401.0
404.0
631.0
615.0
879.0
849.0
1042.0
525.0
1733.0
512.0
904.0
532.0
408.0
396.0
425.0
1243.0
1064.0
917.0
1594.0
1912.0
1557.0
952.0
1479.0
1060.0
941.0
458.0
610.0
1641.0
1066.0
1287.0
875.0
1226.0
1202.0
1596.0
1149.0
464.0
421.0
1666.0
1689.0
1776.0
763.0
774.0
815.0
752.0
416.0
801.0
408.0
435.0
574.0
588.0
352.0
648.0
399.0
767.0
636.0
698.0
818.0
685.0
915.0
399.0
403.0
364.0
796.0
1104.0
1828.0
1122.0
1144.0
1340.0
1006.0
1064.0
1493.0
718.0
346.0
354.0
689.0
627.0
1611.0
1513.0
691.0
824.0
439.0
700.0
558.0
573.0
692.0
560.0
459.0
436.0
960.0
1429.0
1081.0
1059.0
593.0
758.0
529.0
758.0
799.0
675.0
419.0
650.0
868.0
1289.0
1748.0
1645.0
575.0
1039.0
673.0
1559.0
748.0
609.0
616.0
1333.0
1200.0
1223.0
748.0
175.0
1043.0
1005.0
1154.0
1282.0
1075.0
813.0
692.0
629.0
1030.0
546.0
599.0
715.0
115.0
124.0
357.0
711.0
587.0
640.0
527.0
762.0
931.0
852.0
1579.0
1196.0
365.0
458.0
1560.0
1796.0
403.0
700.0
651.0
728.0
801.0
345.0
572.0
608.0
565.0
174.0
348.0
826.0
564.0
391.0
714.0
388.0
738.0
842.0
1709.0
827.0
1289.0
380.0
392.0
522.0
525.0
1129.0
1581.0
626.0
754.0
331.0
331.0
530.0
602.0
548.0
512.0
452.0
132.0
342.0
777.0
580.0
945.0
921.0
765.0
705.0
548.0
381.0
368.0
537.0
1127.0
1637.0
2228.0
350.0
544.0
745.0
755.0
541.0
403.0
667.0
841.0
974.0
1001.0
1599.0
137.0
411.0
444.0
691.0
807.0
1120.0
604.0
376.0
311.0
424.0
713.0
428.0
708.0
399.0
910.0
532.0
315.0
352.0
732.0
775.0
902.0
775.0
789.0
401.0
712.0
600.0
652.0
831.0
296.0
710.0
510.0
702.0
619.0
735.0
588.0
736.0
1056.0
1874.0
345.0
328.0
821.0
1362.0
1916.0
2182.0
536.0
947.0
765.0
440.0
588.0
968.0
979.0
1428.0
2148.0
856.0
601.0
1681.0
1228.0
1435.0
1693.0
805.0
760.0
529.0
802.0
696.0
1212.0
506.0
715.0
1215.0
1619.0
2476.0
1297.0
1873.0
416.0
366.0
760.0
1591.0
625.0
727.0
400.0
160.0
352.0
816.0
628.0
693.0
622.0
1074.0
862.0
845.0
1186.0
773.0
375.0
1138.0
840.0
496.0
633.0
644.0
343.0
408.0
939.0
1660.0
1705.0
396.0
324.0
814.0
1020.0
800.0
630.0
340.0
159.0
604.0
553.0
660.0
843.0
746.0
1556.0
1620.0
633.0
915.0
1353.0
688.0
388.0
738.0
444.0
1683.0
1469.0
1943.0
357.0
591.0
782.0
1026.0
331.0
560.0
801.0
752.0
607.0
786.0
990.0
1045.0
692.0
405.0
422.0
733.0
667.0
1579.0
1004.0
798.0
384.0
375.0
794.0
915.0
922.0
902.0
1761.0
1219.0
1297.0
352.0
709.0
1599.0
789.0
1188.0
1140.0
1570.0
392.0
395.0
637.0
373.0
442.0
416.0
941.0
888.0
1087.0
882.0
594.0
608.0
751.0
1009.0
1091.0
377.0
711.0
1294.0
377.0
818.0
649.0
691.0
998.0
1033.0
412.0
434.0
791.0
870.0
889.0
115.0
136.0
141.0
138.0
355.0
396.0
566.0
676.0
502.0
556.0
1567.0
394.0
1495.0
680.0
341.0
343.0
653.0
464.0
1267.0
828.0
1646.0
599.0
731.0
1022.0
586.0
720.0
778.0
901.0
654.0
853.0
1027.0
714.0
692.0
737.0
552.0
530.0
350.0
356.0
762.0
994.0
126.0
296.0
390.0
708.0
674.0
882.0
926.0
360.0
440.0
884.0
681.0
705.0
334.0
311.0
628.0
573.0
435.0
908.0
336.0
466.0
761.0
1823.0
1505.0
1707.0
1480.0
1480.0
915.0
411.0
290.0
365.0
453.0
1599.0
911.0
295.0
721.0
427.0
693.0
447.0
336.0
813.0
611.0
651.0
614.0
546.0
429.0
464.0
489.0
414.0
761.0
495.0
391.0
455.0
493.0
1057.0
1058.0
862.0
905.0
975.0
821.0
1294.0
2423.0
810.0
588.0
428.0
369.0
1045.0
706.0
895.0
1315.0
636.0
378.0
543.0
1062.0
863.0
371.0
714.0
697.0
792.0
850.0
631.0
333.0
415.0
342.0
535.0
984.0
312.0
376.0
366.0
340.0
411.0
362.0
344.0
805.0
639.0
1032.0
675.0
765.0
1001.0
541.0
731.0
378.0
543.0
780.0
886.0
979.0
793.0
587.0
532.0
678.0
426.0
856.0
1066.0
782.0
673.0
427.0
634.0
317.0
395.0
499.0
496.0
591.0
684.0
353.0
702.0
721.0
1651.0
1082.0
882.0
569.0
993.0
820.0
1482.0
720.0
847.0
1732.0
1186.0
1552.0
1952.0
735.0
774.0
323.0
734.0
1608.0
1043.0
2319.0
1148.0
378.0
933.0
583.0
727.0
1097.0
625.0
1028.0
974.0
352.0
353.0
385.0
1042.0
1111.0
781.0
360.0
662.0
812.0
809.0
416.0
525.0
870.0
657.0
1027.0
888.0
425.0
364.0
787.0
401.0
404.0
436.0
640.0
1052.0
1230.0
1591.0
385.0
616.0
1036.0
139.0
653.0
924.0
598.0
719.0
350.0
684.0
1109.0
1627.0
1552.0
1587.0
1208.0
732.0
364.0
352.0
742.0
570.0
715.0
381.0
589.0
465.0
279.0
422.0
662.0
787.0
825.0
838.0
671.0
583.0
397.0
354.0
1012.0
1041.0
2093.0
1587.0
599.0
774.0
1087.0
1137.0
1490.0
1256.0
1757.0
1293.0
1559.0
1663.0
1220.0
1050.0
622.0
424.0
411.0
359.0
599.0
605.0
1011.0
802.0
741.0
695.0
434.0
1057.0
1488.0
813.0
847.0
614.0
679.0
481.0
426.0
740.0
1033.0
667.0
1291.0
869.0
677.0
450.0
591.0
654.0
576.0
704.0
565.0
614.0
374.0
545.0
385.0
565.0
768.0
1041.0
802.0
523.0
399.0
1037.0
296.0
515.0
885.0
2233.0
2162.0
912.0
938.0
722.0
326.0
362.0
892.0
376.0
723.0
1050.0
843.0
592.0
791.0
758.0
634.0
868.0
789.0
679.0
445.0
810.0
695.0
1290.0
989.0
1024.0
1058.0
787.0
891.0
1048.0
710.0
374.0
437.0
855.0
763.0
389.0
321.0
728.0
1018.0
754.0
912.0
895.0
777.0
954.0
842.0
346.0
414.0
624.0
613.0
814.0
407.0
387.0
711.0
648.0
739.0
684.0
741.0
412.0
546.0
114.0
491.0
149.0
345.0
407.0
421.0
1065.0
314.0
421.0
625.0
806.0
1099.0
867.0
735.0
341.0
330.0
864.0
593.0
409.0
793.0
443.0
620.0
729.0
754.0
563.0
356.0
820.0
848.0
1196.0
702.0
854.0
740.0
1907.0
397.0
693.0
896.0
284.0
414.0
788.0
1509.0
1085.0
1260.0
675.0
946.0
371.0
829.0
859.0
962.0
1889.0
1398.0
752.0
1530.0
713.0
720.0
792.0
1821.0
730.0
692.0
1001.0
923.0
790.0
719.0
621.0
920.0
432.0
485.0
819.0
1630.0
1117.0
787.0
787.0
985.0
1526.0
1872.0
556.0
907.0
908.0
426.0
779.0
762.0
812.0
944.0
406.0
441.0
969.0
1629.0
764.0
1598.0
778.0
432.0
371.0
367.0
1551.0
607.0
694.0
696.0
663.0
963.0
859.0
652.0
823.0
1863.0
365.0
568.0
482.0
753.0
334.0
428.0
433.0
1064.0
581.0
883.0
381.0
329.0
374.0
674.0
428.0
754.0
321.0
114.0
373.0
440.0
395.0
393.0
616.0
1153.0
595.0
499.0
293.0
196.0
526.0
609.0
706.0
371.0
554.0
1082.0
1870.0
2563.0
1961.0
1148.0
631.0
340.0
394.0
357.0
378.0
590.0
389.0
404.0
383.0
686.0
822.0
1250.0
605.0
351.0
272.0
311.0
370.0
367.0
448.0
627.0
512.0
663.0
811.0
691.0
1077.0
980.0
421.0
822.0
965.0
409.0
707.0
781.0
1457.0
1120.0
911.0
692.0
1417.0
1135.0
1162.0
777.0
722.0
619.0
401.0
625.0
833.0
577.0
405.0
361.0
636.0
1097.0
438.0
1086.0
1697.0
2451.0
2647.0
790.0
1459.0
582.0
713.0
706.0
1635.0
968.0
926.0
769.0
1319.0
806.0
389.0
751.0
1025.0
1470.0
2358.0
1301.0
969.0
1331.0
1596.0
743.0
724.0
1519.0
362.0
420.0
467.0
1604.0
1186.0
2441.0
386.0
315.0
1107.0
628.0
397.0
289.0
556.0
759.0
817.0
542.0
315.0
456.0
860.0
742.0
777.0
846.0
1299.0
863.0
895.0
791.0
628.0
648.0
1014.0
1111.0
1594.0
838.0
427.0
1005.0
988.0
1087.0
1567.0
749.0
443.0
932.0
1354.0
1803.0
1181.0
1873.0
746.0
1093.0
963.0
374.0
341.0
437.0
474.0
257.0
561.0
727.0
1001.0
822.0
927.0
792.0
613.0
1676.0
862.0
732.0
291.0
341.0
787.0
791.0
413.0
781.0
765.0
717.0
818.0
941.0
311.0
391.0
705.0
441.0
1739.0
987.0
1035.0
1611.0
733.0
812.0
1631.0
418.0
831.0
435.0
568.0
599.0
708.0
1010.0
1576.0
736.0
808.0
1308.0
1868.0
1563.0
650.0
829.0
860.0
775.0
737.0
993.0
899.0
317.0
771.0
1559.0
1052.0
1098.0
1017.0
1024.0
2221.0
919.0
1051.0
540.0
751.0
390.0
391.0
622.0
797.0
468.0
692.0
328.0
361.0
792.0
814.0
1265.0
2074.0
1115.0
2346.0
641.0
259.0
737.0
969.0
745.0
1568.0
1021.0
1818.0
372.0
377.0
675.0
468.0
433.0
795.0
1038.0
883.0
770.0
735.0
919.0
571.0
823.0
528.0
588.0
723.0
551.0
417.0
764.0
840.0
486.0
744.0
1052.0
662.0
1073.0
665.0
953.0
1658.0
1049.0
1117.0
997.0
879.0
500.0
293.0
660.0
1067.0
748.0
960.0
1131.0
630.0
787.0
443.0
1284.0
1031.0
666.0
346.0
374.0
836.0
1303.0
532.0
532.0
605.0
401.0
572.0
639.0
716.0
998.0
1361.0
1196.0
2134.0
1707.0
612.0
745.0
588.0
358.0
787.0
638.0
368.0
321.0
361.0
354.0
395.0
631.0
369.0
560.0
692.0
364.0
413.0
374.0
411.0
1408.0
1419.0
1105.0
677.0
955.0
831.0
804.0
799.0
661.0
1042.0
425.0
809.0
801.0
558.0
705.0
388.0
426.0
833.0
1129.0
792.0
1606.0
1617.0
634.0
758.0
330.0
355.0
375.0
940.0
829.0
341.0
1215.0
763.0
947.0
750.0
1526.0
544.0
374.0
406.0
787.0
728.0
701.0
667.0
378.0
974.0
717.0
820.0
705.0
824.0
383.0
933.0
981.0
1165.0
1027.0
797.0
869.0
733.0
374.0
650.0
413.0
288.0
707.0
859.0
1640.0
1058.0
799.0
736.0
735.0
1209.0
939.0
1830.0
853.0
1562.0
973.0
791.0
1548.0
907.0
1922.0
614.0
419.0
670.0
798.0
587.0
974.0
781.0
787.0
385.0
609.0
396.0
495.0
510.0
539.0
690.0
1097.0
834.0
411.0
606.0
373.0
427.0
750.0
1014.0
1495.0
655.0
530.0
353.0
323.0
414.0
784.0
701.0
405.0
644.0
1018.0
680.0
563.0
387.0
772.0
702.0
351.0
752.0
694.0
1003.0
1059.0
692.0
1857.0
2052.0
757.0
699.0
868.0
1336.0
1074.0
654.0
382.0
814.0
923.0
1558.0
279.0
393.0
481.0
355.0
379.0
764.0
412.0
332.0
759.0
1548.0
365.0
379.0
428.0
803.0
379.0
1015.0
1168.0
433.0
655.0
787.0
369.0
790.0
1078.0
570.0
786.0
846.0
1080.0
576.0
633.0
798.0
1068.0
1124.0
709.0
706.0
1051.0
1478.0
1504.0
698.0
314.0
391.0
828.0
637.0
406.0
724.0
1529.0
539.0
426.0
962.0
329.0
389.0
455.0
772.0
1035.0
673.0
801.0
763.0
445.0
368.0
756.0
365.0
877.0
955.0
489.0
964.0
806.0
834.0
1283.0
962.0
1013.0
1465.0
740.0
1528.0
764.0
555.0
626.0
912.0
770.0
372.0
732.0
1322.0
1306.0
994.0
614.0
867.0
1477.0
1978.0
1207.0
1267.0
762.0
1690.0
377.0
1082.0
792.0
945.0
1024.0
1865.0
1956.0
903.0
1105.0
1036.0
1974.0
1359.0
1184.0
1877.0
1149.0
969.0
842.0
1421.0
663.0
933.0
910.0
1595.0
749.0
1538.0
141.0
504.0
390.0
401.0
642.0
603.0
421.0
927.0
820.0
1440.0
1499.0
920.0
744.0
335.0
537.0
462.0
722.0
903.0
774.0
236.0
414.0
597.0
671.0
374.0
614.0
559.0
533.0
1067.0
335.0
385.0
137.0
463.0
153.0
597.0
784.0
829.0
804.0
404.0
1318.0
152.0
389.0
429.0
632.0
892.0
1109.0
1567.0
722.0
341.0
687.0
314.0
124.0
294.0
561.0
369.0
364.0
848.0
726.0
734.0
1513.0
891.0
1837.0
711.0
623.0
964.0
923.0
1538.0
1643.0
391.0
885.0
392.0
795.0
414.0
614.0
878.0
1233.0
851.0
347.0
653.0
354.0
395.0
632.0
284.0
536.0
992.0
445.0
416.0
703.0
810.0
796.0
1380.0
1483.0
989.0
398.0
793.0
557.0
427.0
734.0
1600.0
668.0
858.0
668.0
751.0
1542.0
347.0
291.0
348.0
784.0
754.0
852.0
857.0
126.0
579.0
629.0
944.0
979.0
724.0
764.0
402.0
462.0
1628.0
685.0
1610.0
710.0
331.0
983.0
1069.0
1563.0
1598.0
2122.0
993.0
883.0
737.0
807.0
1073.0
1672.0
1976.0
849.0
999.0
369.0
734.0
653.0
679.0
785.0
886.0
964.0
1359.0
1058.0
724.0
829.0
601.0
1039.0
802.0
879.0
878.0
987.0
292.0
498.0
788.0
439.0
906.0
609.0
379.0
938.0
787.0
794.0
769.0
676.0
391.0
712.0
883.0
988.0
412.0
370.0
420.0
404.0
716.0
997.0
1334.0
2107.0
1384.0
1316.0
1379.0
920.0
960.0
778.0
1601.0
1050.0
394.0
290.0
539.0
894.0
791.0
722.0
324.0
382.0
385.0
1308.0
1045.0
1055.0
872.0
378.0
745.0
1488.0
1049.0
340.0
644.0
880.0
1507.0
267.0
357.0
153.0
300.0
584.0
589.0
797.0
875.0
1535.0
970.0
1537.0
2064.0
1416.0
1423.0
1408.0
2374.0
1624.0
850.0
1265.0
780.0
697.0
798.0
317.0
523.0
435.0
408.0
747.0
545.0
1219.0
1619.0
413.0
503.0
619.0
1447.0
1736.0
998.0
728.0
686.0
1600.0
874.0
1195.0
937.0
1349.0
788.0
732.0
1546.0
738.0
668.0
391.0
690.0
609.0
598.0
723.0
733.0
759.0
397.0
756.0
720.0
744.0
941.0
637.0
711.0
872.0
369.0
518.0
403.0
391.0
432.0
1117.0
401.0
431.0
706.0
367.0
616.0
804.0
1555.0
917.0
913.0
824.0
854.0
465.0
440.0
1373.0
797.0
428.0
688.0
377.0
1003.0
1072.0
609.0
584.0
780.0
802.0
577.0
430.0
1028.0
1282.0
526.0
369.0
349.0
353.0
417.0
382.0
945.0
1024.0
1576.0
1956.0
427.0
827.0
995.0
667.0
282.0
347.0
342.0
378.0
783.0
