327.0
0.0
0.0
0.0
0.0
0.0
0.0
0.0
4928.0
60.0
89.0
72.0
707.0
62.0
90.0
712.0
752.0
-1.0
170.0
-1.0
170.0
218.0
-1.0
-1.0
-1.0
255.0
255.0
0.0
0.0
-1.0
0.0
0.0
0.0
-1.0
3194.0
3194.0
-1.0
-1.0
-1.0
752.0
66.0
62.0
88.0
290.0
-1.0
89.0
89.0
195.0
65.0
73.0
65.0
105.0
195.0
120.0
62.0
62.0
72.0
157.0
-1.0
-1.0
-1.0
107.0
270.0
90.0
-1.0
-1.0
-1.0
-1.0
-1.0
91.0
198.0
64.0
67.0
223.0
64.0
248.0
185.0
72.0
71.0
103.0
211.0
125.0
281.0
184.0
145.0
121.0
95.0
70.0
112.0
239.0
219.0
104.0
92.0
204.0
72.0
123.0
281.0
93.0
283.0
114.0
65.0
301.0
412.0
302.0
156.0
77.0
177.0
227.0
279.0
172.0
98.0
130.0
264.0
188.0
191.0
71.0
102.0
210.0
258.0
219.0
401.0
120.0
499.0
193.0
179.0
230.0
232.0
71.0
150.0
110.0
91.0
220.0
206.0
210.0
81.0
204.0
89.0
75.0
218.0
72.0
244.0
188.0
340.0
231.0
149.0
225.0
69.0
97.0
160.0
198.0
72.0
87.0
67.0
60.0
144.0
74.0
237.0
64.0
317.0
111.0
67.0
140.0
354.0
253.0
307.0
73.0
66.0
89.0
104.0
60.0
64.0
103.0
68.0
70.0
69.0
-1.0
70.0
70.0
92.0
-1.0
-1.0
-1.0
91.0
70.0
-1.0
-1.0
100.0
65.0
64.0
409.0
261.0
-1.0
-1.0
-1.0
-1.0
-1.0
-1.0
-1.0
-1.0
-1.0
-1.0
-1.0
-1.0
-1.0
-1.0
-1.0
90.0
89.0
122.0
117.0
77.0
161.0
231.0
64.0
70.0
170.0
65.0
89.0
76.0
66.0
95.0
118.0
301.0
191.0
95.0
101.0
95.0
96.0
99.0
-1.0
98.0
98.0
-1.0
-1.0
-1.0
73.0
76.0
66.0
80.0
81.0
239.0
254.0
498.0
72.0
190.0
74.0
74.0
93.0
389.0
61.0
69.0
102.0
74.0
-1.0
102.0
102.0
234.0
66.0
228.0
454.0
87.0
87.0
335.0
523.0
169.0
170.0
71.0
408.0
472.0
252.0
89.0
104.0
319.0
79.0
224.0
254.0
237.0
226.0
72.0
236.0
254.0
89.0
346.0
210.0
101.0
188.0
279.0
111.0
235.0
98.0
89.0
170.0
98.0
101.0
211.0
184.0
73.0
120.0
243.0
149.0
187.0
212.0
69.0
292.0
78.0
66.0
63.0
71.0
61.0
138.0
71.0
74.0
61.0
66.0
335.0
79.0
64.0
72.0
82.0
192.0
68.0
82.0
360.0
316.0
66.0
86.0
64.0
79.0
183.0
96.0
67.0
95.0
208.0
68.0
194.0
71.0
-1.0
-1.0
64.0
70.0
63.0
59.0
374.0
63.0
64.0
71.0
75.0
99.0
-1.0
86.0
86.0
101.0
73.0
72.0
168.0
-1.0
-1.0
-1.0
76.0
-1.0
-1.0
-1.0
-1.0
-1.0
-1.0
-1.0
-1.0
-1.0
-1.0
-1.0
119.0
108.0
109.0
216.0
233.0
93.0
90.0
74.0
74.0
76.0
299.0
362.0
339.0
68.0
135.0
201.0
286.0
93.0
114.0
138.0
80.0
138.0
87.0
192.0
94.0
93.0
208.0
234.0
339.0
321.0
122.0
372.0
522.0
373.0
552.0
109.0
217.0
68.0
122.0
220.0
77.0
233.0
68.0
117.0
198.0
112.0
108.0
103.0
72.0
232.0
82.0
293.0
336.0
220.0
193.0
181.0
172.0
111.0
220.0
340.0
167.0
236.0
64.0
67.0
353.0
101.0
66.0
264.0
124.0
70.0
117.0
264.0
261.0
229.0
179.0
197.0
105.0
129.0
120.0
95.0
78.0
217.0
60.0
138.0
76.0
61.0
74.0
290.0
88.0
135.0
118.0
146.0
289.0
289.0
135.0
461.0
75.0
83.0
68.0
60.0
60.0
92.0
223.0
70.0
94.0
96.0
64.0
88.0
103.0
70.0
181.0
66.0
394.0
161.0
78.0
70.0
124.0
221.0
69.0
74.0
209.0
231.0
89.0
86.0
111.0
238.0
73.0
73.0
180.0
71.0
106.0
92.0
345.0
107.0
63.0
77.0
76.0
179.0
133.0
76.0
165.0
131.0
72.0
188.0
82.0
75.0
109.0
79.0
121.0
103.0
214.0
113.0
206.0
70.0
147.0
215.0
160.0
65.0
103.0
70.0
212.0
208.0
69.0
73.0
406.0
68.0
67.0
235.0
214.0
318.0
100.0
278.0
422.0
455.0
482.0
68.0
160.0
93.0
66.0
170.0
108.0
93.0
191.0
216.0
184.0
82.0
88.0
236.0
121.0
235.0
263.0
294.0
357.0
197.0
199.0
185.0
213.0
101.0
210.0
72.0
174.0
69.0
64.0
99.0
112.0
162.0
340.0
166.0
93.0
99.0
241.0
69.0
73.0
388.0
69.0
184.0
82.0
215.0
109.0
218.0
93.0
61.0
64.0
66.0
87.0
63.0
208.0
85.0
73.0
73.0
62.0
-1.0
-1.0
101.0
89.0
62.0
68.0
81.0
115.0
159.0
374.0
104.0
90.0
86.0
89.0
69.0
96.0
92.0
67.0
218.0
101.0
88.0
187.0
68.0
88.0
66.0
224.0
81.0
77.0
69.0
70.0
310.0
172.0
71.0
77.0
229.0
68.0
90.0
72.0
223.0
99.0
102.0
210.0
124.0
69.0
69.0
62.0
61.0
94.0
61.0
69.0
94.0
158.0
202.0
90.0
107.0
188.0
90.0
62.0
66.0
255.0
272.0
283.0
141.0
206.0
146.0
104.0
104.0
72.0
109.0
242.0
392.0
198.0
94.0
248.0
153.0
89.0
141.0
123.0
252.0
200.0
200.0
282.0
238.0
186.0
169.0
163.0
291.0
87.0
276.0
245.0
235.0
268.0
92.0
198.0
103.0
380.0
284.0
104.0
94.0
101.0
119.0
522.0
71.0
208.0
73.0
203.0
71.0
208.0
108.0
177.0
78.0
121.0
64.0
95.0
111.0
80.0
90.0
88.0
86.0
70.0
285.0
289.0
92.0
137.0
69.0
81.0
68.0
64.0
188.0
168.0
70.0
68.0
65.0
154.0
91.0
89.0
63.0
70.0
-1.0
-1.0
266.0
152.0
92.0
196.0
91.0
-1.0
98.0
102.0
67.0
-1.0
212.0
174.0
86.0
-1.0
-1.0
99.0
132.0
84.0
84.0
-1.0
141.0
-1.0
104.0
86.0
89.0
114.0
65.0
69.0
93.0
281.0
65.0
94.0
91.0
178.0
234.0
106.0
74.0
77.0
241.0
74.0
88.0
400.0
205.0
69.0
86.0
61.0
71.0
78.0
164.0
69.0
68.0
101.0
76.0
96.0
84.0
85.0
105.0
101.0
246.0
70.0
88.0
86.0
86.0
86.0
59.0
88.0
65.0
64.0
241.0
155.0
103.0
82.0
82.0
61.0
116.0
80.0
108.0
62.0
251.0
75.0
234.0
229.0
91.0
76.0
67.0
66.0
73.0
67.0
111.0
135.0
91.0
65.0
65.0
112.0
93.0
151.0
207.0
60.0
234.0
99.0
492.0
316.0
228.0
85.0
155.0
70.0
73.0
67.0
100.0
400.0
85.0
107.0
69.0
68.0
367.0
68.0
94.0
77.0
75.0
65.0
107.0
102.0
68.0
81.0
78.0
70.0
89.0
74.0
108.0
124.0
97.0
168.0
67.0
173.0
70.0
68.0
70.0
74.0
88.0
63.0
251.0
276.0
81.0
114.0
71.0
100.0
100.0
67.0
-1.0
100.0
102.0
78.0
71.0
67.0
66.0
67.0
103.0
68.0
69.0
466.0
364.0
238.0
325.0
232.0
102.0
105.0
74.0
63.0
68.0
71.0
202.0
66.0
160.0
141.0
105.0
89.0
114.0
88.0
152.0
75.0
341.0
-1.0
257.0
257.0
110.0
190.0
76.0
133.0
71.0
98.0
65.0
155.0
71.0
105.0
66.0
67.0
90.0
106.0
90.0
88.0
105.0
90.0
108.0
107.0
108.0
115.0
86.0
228.0
96.0
104.0
69.0
197.0
119.0
155.0
196.0
105.0
116.0
211.0
70.0
76.0
112.0
70.0
105.0
67.0
74.0
218.0
77.0
235.0
237.0
64.0
168.0
84.0
167.0
71.0
167.0
65.0
211.0
225.0
124.0
196.0
120.0
367.0
242.0
77.0
177.0
402.0
509.0
67.0
66.0
91.0
215.0
234.0
91.0
165.0
112.0
73.0
79.0
95.0
89.0
183.0
100.0
105.0
225.0
67.0
167.0
74.0
60.0
89.0
88.0
79.0
81.0
91.0
89.0
72.0
64.0
76.0
248.0
63.0
62.0
103.0
86.0
323.0
65.0
-1.0
170.0
-1.0
91.0
62.0
-1.0
-1.0
-1.0
220.0
174.0
63.0
62.0
-1.0
230.0
88.0
64.0
-1.0
67.0
101.0
-1.0
-1.0
-1.0
98.0
86.0
98.0
96.0
97.0
-1.0
98.0
129.0
117.0
159.0
68.0
188.0
234.0
72.0
270.0
133.0
86.0
80.0
69.0
-1.0
-1.0
-1.0
101.0
71.0
100.0
-1.0
-1.0
-1.0
-1.0
-1.0
114.0
80.0
73.0
76.0
285.0
146.0
162.0
73.0
74.0
87.0
157.0
71.0
71.0
110.0
91.0
179.0
89.0
241.0
71.0
85.0
142.0
65.0
65.0
216.0
147.0
317.0
397.0
76.0
356.0
68.0
441.0
68.0
75.0
100.0
315.0
130.0
61.0
168.0
216.0
92.0
216.0
200.0
290.0
89.0
89.0
440.0
417.0
230.0
419.0
248.0
267.0
99.0
168.0
193.0
119.0
158.0
368.0
73.0
74.0
98.0
108.0
67.0
201.0
248.0
163.0
301.0
324.0
71.0
122.0
76.0
69.0
124.0
69.0
210.0
72.0
202.0
212.0
67.0
72.0
67.0
174.0
221.0
68.0
89.0
242.0
329.0
335.0
79.0
101.0
94.0
199.0
178.0
91.0
208.0
112.0
88.0
152.0
67.0
62.0
94.0
94.0
176.0
87.0
91.0
66.0
290.0
-1.0
250.0
250.0
90.0
-1.0
-1.0
-1.0
137.0
90.0
-1.0
-1.0
91.0
130.0
91.0
363.0
69.0
-1.0
-1.0
