0.0
0.0
0.0
0.0
0.0
0.0
0.0
-1.0
-1.0
0.0
0.0
0.0
5029.0
-1.0
639.0
88.0
88.0
88.0
91.0
63.0
-1.0
74.0
-1.0
-1.0
74.0
74.0
0.0
0.0
0.0
0.0
0.0
5126.0
1348.0
664.0
199.0
183.0
69.0
73.0
205.0
220.0
89.0
94.0
255.0
265.0
226.0
154.0
392.0
274.0
107.0
258.0
140.0
92.0
89.0
90.0
220.0
253.0
213.0
68.0
95.0
-1.0
96.0
-1.0
-1.0
97.0
98.0
-1.0
-1.0
-1.0
-1.0
-1.0
89.0
198.0
67.0
82.0
215.0
90.0
89.0
-1.0
-1.0
89.0
80.0
356.0
74.0
67.0
61.0
-1.0
61.0
61.0
78.0
176.0
231.0
204.0
297.0
110.0
136.0
157.0
90.0
181.0
264.0
73.0
151.0
284.0
62.0
63.0
68.0
86.0
305.0
181.0
60.0
62.0
97.0
75.0
63.0
-1.0
63.0
89.0
68.0
92.0
92.0
-1.0
107.0
-1.0
-1.0
-1.0
107.0
259.0
101.0
102.0
162.0
60.0
251.0
88.0
97.0
238.0
273.0
92.0
115.0
214.0
231.0
92.0
176.0
356.0
86.0
291.0
189.0
306.0
368.0
157.0
170.0
117.0
77.0
65.0
96.0
69.0
157.0
102.0
214.0
60.0
60.0
88.0
105.0
218.0
96.0
62.0
62.0
86.0
221.0
518.0
101.0
91.0
159.0
79.0
70.0
220.0
226.0
163.0
66.0
83.0
96.0
102.0
405.0
122.0
292.0
100.0
238.0
101.0
99.0
238.0
112.0
201.0
170.0
76.0
200.0
68.0
93.0
102.0
130.0
207.0
73.0
69.0
89.0
-1.0
62.0
62.0
105.0
124.0
117.0
88.0
65.0
67.0
87.0
100.0
211.0
68.0
268.0
69.0
78.0
70.0
107.0
69.0
84.0
251.0
359.0
309.0
210.0
258.0
355.0
342.0
62.0
296.0
115.0
210.0
248.0
100.0
217.0
114.0
210.0
83.0
134.0
64.0
67.0
105.0
215.0
105.0
72.0
62.0
66.0
-1.0
249.0
249.0
249.0
71.0
-1.0
71.0
-1.0
93.0
93.0
77.0
70.0
89.0
93.0
66.0
64.0
66.0
62.0
230.0
96.0
90.0
118.0
87.0
89.0
70.0
250.0
72.0
68.0
69.0
72.0
60.0
102.0
98.0
214.0
373.0
77.0
71.0
70.0
264.0
219.0
254.0
87.0
86.0
74.0
66.0
259.0
86.0
74.0
72.0
59.0
-1.0
66.0
66.0
69.0
94.0
68.0
106.0
72.0
72.0
91.0
139.0
-1.0
71.0
71.0
75.0
92.0
91.0
92.0
69.0
70.0
204.0
85.0
61.0
97.0
81.0
73.0
62.0
105.0
321.0
64.0
191.0
144.0
96.0
237.0
68.0
370.0
97.0
326.0
75.0
61.0
65.0
59.0
88.0
60.0
91.0
-1.0
118.0
-1.0
118.0
-1.0
204.0
204.0
-1.0
123.0
-1.0
110.0
110.0
217.0
86.0
-1.0
70.0
-1.0
-1.0
122.0
64.0
299.0
61.0
64.0
80.0
305.0
229.0
631.0
99.0
76.0
205.0
66.0
74.0
73.0
219.0
190.0
93.0
106.0
70.0
247.0
344.0
174.0
89.0
72.0
336.0
70.0
194.0
228.0
234.0
68.0
62.0
89.0
69.0
88.0
98.0
-1.0
98.0
-1.0
95.0
-1.0
-1.0
-1.0
-1.0
-1.0
99.0
344.0
184.0
73.0
167.0
65.0
191.0
95.0
97.0
-1.0
97.0
68.0
77.0
67.0
69.0
170.0
62.0
62.0
62.0
276.0
351.0
341.0
266.0
101.0
117.0
155.0
223.0
197.0
109.0
63.0
76.0
230.0
67.0
231.0
137.0
59.0
59.0
72.0
67.0
75.0
300.0
97.0
70.0
80.0
67.0
67.0
155.0
66.0
133.0
133.0
-1.0
-1.0
-1.0
-1.0
-1.0
91.0
90.0
67.0
105.0
68.0
93.0
384.0
71.0
68.0
97.0
211.0
124.0
203.0
377.0
105.0
118.0
249.0
229.0
274.0
172.0
64.0
85.0
104.0
284.0
104.0
323.0
220.0
77.0
94.0
74.0
76.0
102.0
219.0
154.0
64.0
104.0
110.0
77.0
118.0
223.0
71.0
91.0
72.0
116.0
249.0
319.0
304.0
67.0
135.0
251.0
166.0
98.0
85.0
72.0
115.0
208.0
255.0
219.0
247.0
66.0
265.0
100.0
83.0
332.0
109.0
354.0
186.0
126.0
203.0
115.0
247.0
168.0
165.0
59.0
59.0
63.0
80.0
-1.0
95.0
95.0
331.0
64.0
104.0
102.0
76.0
130.0
67.0
86.0
87.0
257.0
79.0
209.0
171.0
86.0
88.0
66.0
66.0
80.0
103.0
231.0
103.0
79.0
240.0
123.0
254.0
389.0
379.0
295.0
184.0
129.0
102.0
204.0
78.0
149.0
192.0
67.0
128.0
74.0
69.0
73.0
82.0
333.0
94.0
-1.0
103.0
-1.0
102.0
102.0
-1.0
252.0
252.0
159.0
159.0
205.0
71.0
105.0
84.0
73.0
75.0
69.0
78.0
90.0
89.0
190.0
63.0
242.0
73.0
72.0
112.0
158.0
146.0
261.0
69.0
192.0
70.0
85.0
112.0
372.0
71.0
65.0
89.0
82.0
255.0
90.0
69.0
63.0
266.0
370.0
109.0
123.0
64.0
71.0
80.0
68.0
68.0
68.0
100.0
173.0
102.0
281.0
71.0
265.0
70.0
64.0
63.0
63.0
63.0
195.0
69.0
63.0
63.0
82.0
69.0
436.0
75.0
280.0
88.0
65.0
63.0
139.0
187.0
111.0
61.0
104.0
256.0
112.0
283.0
74.0
141.0
64.0
84.0
223.0
91.0
101.0
68.0
232.0
101.0
213.0
73.0
73.0
-1.0
115.0
67.0
-1.0
-1.0
113.0
113.0
109.0
109.0
109.0
231.0
199.0
-1.0
69.0
-1.0
69.0
61.0
129.0
124.0
82.0
370.0
105.0
68.0
107.0
225.0
80.0
281.0
163.0
118.0
245.0
141.0
273.0
68.0
155.0
297.0
77.0
277.0
103.0
85.0
96.0
98.0
339.0
78.0
248.0
91.0
344.0
358.0
62.0
135.0
91.0
69.0
67.0
-1.0
67.0
98.0
98.0
-1.0
-1.0
-1.0
-1.0
-1.0
183.0
68.0
360.0
91.0
297.0
220.0
87.0
86.0
87.0
-1.0
214.0
89.0
201.0
118.0
100.0
86.0
59.0
59.0
239.0
344.0
333.0
280.0
116.0
93.0
100.0
321.0
204.0
231.0
111.0
230.0
153.0
196.0
65.0
132.0
199.0
92.0
70.0
90.0
62.0
93.0
118.0
198.0
75.0
86.0
68.0
68.0
61.0
63.0
177.0
177.0
-1.0
-1.0
-1.0
-1.0
-1.0
91.0
108.0
87.0
321.0
70.0
245.0
79.0
60.0
73.0
490.0
412.0
276.0
162.0
236.0
142.0
620.0
292.0
230.0
175.0
103.0
107.0
228.0
90.0
68.0
76.0
96.0
230.0
74.0
77.0
66.0
90.0
63.0
74.0
70.0
62.0
84.0
165.0
165.0
77.0
76.0
103.0
68.0
284.0
71.0
73.0
133.0
202.0
223.0
72.0
72.0
262.0
78.0
150.0
62.0
123.0
98.0
276.0
79.0
77.0
83.0
113.0
98.0
102.0
223.0
179.0
235.0
76.0
226.0
65.0
129.0
308.0
79.0
96.0
71.0
66.0
67.0
90.0
-1.0
67.0
111.0
235.0
378.0
68.0
249.0
77.0
195.0
68.0
224.0
74.0
90.0
328.0
220.0
67.0
209.0
92.0
237.0
74.0
199.0
298.0
215.0
149.0
259.0
332.0
174.0
229.0
151.0
193.0
231.0
153.0
441.0
240.0
109.0
102.0
95.0
86.0
191.0
186.0
97.0
225.0
101.0
65.0
302.0
92.0
-1.0
62.0
-1.0
106.0
106.0
-1.0
92.0
92.0
94.0
94.0
209.0
91.0
92.0
76.0
78.0
247.0
64.0
66.0
102.0
97.0
218.0
88.0
59.0
65.0
230.0
90.0
64.0
377.0
102.0
68.0
95.0
135.0
263.0
217.0
67.0
310.0
101.0
193.0
89.0
170.0
60.0
70.0
84.0
180.0
87.0
60.0
72.0
266.0
60.0
107.0
60.0
60.0
89.0
61.0
67.0
62.0
105.0
75.0
103.0
248.0
71.0
78.0
78.0
102.0
103.0
183.0
441.0
350.0
60.0
84.0
84.0
248.0
105.0
171.0
204.0
107.0
66.0
67.0
118.0
187.0
253.0
280.0
91.0
104.0
348.0
66.0
328.0
373.0
207.0
363.0
86.0
96.0
91.0
69.0
85.0
72.0
72.0
-1.0
250.0
65.0
-1.0
-1.0
99.0
99.0
103.0
103.0
310.0
225.0
64.0
-1.0
74.0
-1.0
74.0
261.0
250.0
273.0
79.0
73.0
103.0
76.0
215.0
400.0
88.0
121.0
92.0
230.0
154.0
247.0
325.0
111.0
76.0
108.0
220.0
75.0
107.0
455.0
93.0
628.0
95.0
291.0
232.0
74.0
294.0
66.0
75.0
87.0
204.0
71.0
171.0
-1.0
99.0
98.0
98.0
-1.0
-1.0
-1.0
-1.0
-1.0
133.0
97.0
67.0
61.0
73.0
98.0
98.0
90.0
87.0
-1.0
67.0
69.0
106.0
105.0
87.0
91.0
61.0
61.0
190.0
411.0
220.0
212.0
225.0
314.0
112.0
277.0
215.0
216.0
346.0
282.0
195.0
203.0
140.0
97.0
155.0
81.0
91.0
75.0
302.0
386.0
96.0
199.0
101.0
-1.0
195.0
195.0
107.0
-1.0
94.0
94.0
-1.0
-1.0
-1.0
-1.0
-1.0
236.0
71.0
100.0
73.0
67.0
97.0
87.0
252.0
139.0
108.0
278.0
71.0
69.0
370.0
115.0
234.0
229.0
154.0
104.0
212.0
109.0
234.0
303.0
68.0
239.0
98.0
75.0
127.0
65.0
104.0
234.0
73.0
217.0
392.0
69.0
65.0
205.0
186.0
205.0
91.0
80.0
154.0
74.0
113.0
75.0
70.0
235.0
113.0
89.0
73.0
216.0
72.0
83.0
379.0
442.0
128.0
246.0
251.0
195.0
84.0
87.0
357.0
250.0
110.0
122.0
249.0
94.0
282.0
