0.0
0.0
0.0
0.0
0.0
0.0
0.0
-1.0
-1.0
0.0
0.0
0.0
3149.54
-1.0
432.5
87.5
87.5
87.5
62.47
62.33
-1.0
67.75
-1.0
-1.0
67.75
67.75
0.0
0.0
0.0
0.0
0.0
4542.82
582.66
116.46
71.64
71.12
66.78
62.3
65.21
72.5
63.56
67.16
68.06
71.62
72.48
66.37
103.09
77.72
75.39
79.81
70.82
65.14
62.92
62.83
90.22
114.38
88.72
62.69
70.36
-1.0
96.0
-1.0
-1.0
79.0
66.63
-1.0
-1.0
-1.0
-1.0
-1.0
64.33
75.42
61.6
66.14
215.0
69.0
88.5
-1.0
-1.0
89.0
65.67
94.64
61.61
60.63
60.5
-1.0
61.0
61.0
60.33
65.6
70.3
66.39
86.98
69.84
63.73
68.11
62.22
62.83
72.45
61.55
70.27
72.81
60.14
60.64
66.71
66.14
81.85
73.0
58.67
62.0
66.0
66.71
61.27
-1.0
61.67
70.0
64.29
80.5
80.5
-1.0
73.75
-1.0
-1.0
-1.0
73.75
147.67
72.27
63.8
70.44
58.6
81.71
62.07
68.65
68.14
75.12
62.57
63.7
67.86
70.96
62.89
66.02
66.05
61.1
67.11
65.14
82.78
75.6
67.12
77.56
70.71
62.88
61.52
65.9
63.77
87.9
72.39
77.17
58.8
58.53
62.62
64.07
100.2
62.86
59.6
56.47
61.0
82.54
146.0
65.27
67.73
86.5
63.88
62.52
78.59
79.53
71.45
61.83
63.63
66.06
64.97
109.55
64.11
69.56
61.47
65.5
63.41
73.5
75.86
62.96
67.88
70.03
62.84
79.15
63.0
64.24
63.93
69.27
93.9
66.0
63.75
65.0
-1.0
62.0
62.0
64.86
71.52
68.79
64.15
61.07
61.57
62.95
64.75
75.48
61.53
91.89
67.08
67.57
59.86
66.64
60.36
63.7
71.65
86.55
64.56
64.62
76.75
80.18
88.24
59.65
82.58
62.65
74.03
69.05
65.41
65.92
62.59
68.77
64.0
66.89
59.56
60.1
67.25
88.5
67.33
67.75
60.73
65.67
-1.0
249.0
249.0
249.0
64.5
-1.0
64.5
-1.0
93.0
93.0
62.57
62.71
89.0
68.67
61.2
60.5
61.4
61.13
159.0
79.0
77.5
80.8
73.5
63.0
61.29
98.53
63.0
62.5
66.57
60.67
59.6
65.65
67.0
71.84
97.42
64.0
61.54
60.67
71.41
83.59
68.79
58.76
70.86
60.57
59.64
85.44
68.25
64.2
60.43
58.29
-1.0
66.0
66.0
67.83
72.29
60.37
67.71
63.13
64.13
63.5
70.93
-1.0
65.8
65.8
63.36
62.88
66.5
63.4
61.43
61.38
74.44
64.82
58.47
63.53
64.8
59.64
60.69
68.81
78.28
60.06
78.22
68.71
64.5
71.3
60.67
87.09
70.96
92.47
63.33
59.2
62.0
59.0
63.86
60.0
72.2
-1.0
74.29
-1.0
74.29
-1.0
101.75
101.75
-1.0
109.33
-1.0
106.0
106.0
77.75
70.0
-1.0
69.25
-1.0
-1.0
88.8
61.0
77.57
59.44
59.19
61.77
82.0
85.86
78.82
64.89
64.46
81.03
59.39
60.67
59.0
78.89
70.55
60.88
68.79
58.55
70.24
84.95
64.22
64.06
61.04
78.61
61.15
73.41
83.56
73.57
61.61
60.6
61.71
61.0
66.91
73.25
-1.0
73.25
-1.0
80.0
-1.0
-1.0
-1.0
-1.0
-1.0
66.5
133.67
77.08
65.3
93.71
65.0
108.0
94.0
95.5
-1.0
95.5
66.67
63.82
61.22
60.5
85.17
62.0
62.0
62.0
64.49
74.34
87.27
67.63
64.85
65.28
70.7
85.56
69.4
62.21
58.3
61.47
70.73
59.9
79.24
77.71
58.71
58.86
64.29
64.73
65.92
194.0
71.31
68.29
64.09
64.0
64.0
108.5
62.71
97.5
97.5
-1.0
-1.0
-1.0
-1.0
-1.0
69.0
76.5
62.0
64.75
60.78
67.56
97.17
62.53
60.7
62.67
69.85
67.24
74.87
70.79
64.7
62.46
71.88
73.39
70.96
68.62
57.95
65.08
68.24
75.05
68.58
107.07
74.51
64.21
69.3
62.46
69.45
68.78
72.96
70.8
60.93
68.92
72.2
66.65
69.32
81.73
61.42
61.71
64.62
72.08
106.3
89.21
89.25
63.33
70.48
77.57
68.68
64.4
64.35
67.0
69.88
74.33
89.04
68.63
73.31
59.36
65.88
63.55
65.05
81.7
63.43
77.57
69.49
66.24
80.89
69.12
80.29
76.64
77.05
57.73
57.67
62.86
66.11
-1.0
95.0
95.0
89.1
61.35
65.79
68.46
63.96
71.33
60.63
65.19
63.95
77.64
61.73
86.92
79.5
68.93
65.47
63.5
61.57
67.11
68.02
80.07
60.81
63.06
74.21
70.97
85.0
83.31
95.33
77.53
76.88
67.33
64.02
72.77
61.02
67.3
72.26
61.0
70.18
65.69
61.0
63.19
65.75
112.63
79.0
-1.0
72.4
-1.0
101.0
101.0
-1.0
159.5
159.5
132.5
132.5
97.4
70.0
105.0
72.4
70.33
62.5
68.14
70.67
67.0
89.0
101.6
61.67
111.8
70.25
69.63
68.64
74.44
79.4
102.08
64.5
84.0
64.0
66.38
69.81
79.13
63.65
60.93
67.22
67.91
87.59
66.83
65.06
61.29
100.57
103.18
75.7
70.86
62.5
67.3
67.8
68.0
68.0
68.0
76.4
79.39
67.89
91.44
61.69
94.7
60.0
61.36
61.8
61.8
61.8
83.88
67.07
62.38
61.92
63.89
61.71
106.75
62.67
76.24
60.47
59.43
58.57
69.82
71.37
68.05
59.13
63.47
67.71
62.48
89.89
65.15
73.8
61.05
62.74
86.93
65.11
84.0
67.25
122.0
73.0
140.0
68.0
68.0
-1.0
108.5
65.75
-1.0
-1.0
103.0
103.0
108.0
108.0
108.0
94.71
101.25
-1.0
68.25
-1.0
68.25
60.6
68.62
72.13
68.12
114.5
70.14
66.38
72.14
86.91
63.59
110.21
66.28
63.71
85.7
70.51
86.36
63.02
68.62
72.93
60.79
79.06
63.93
62.44
61.47
62.36
79.89
65.86
89.15
67.05
99.67
87.64
62.0
65.9
66.47
63.0
62.5
-1.0
62.5
78.5
78.5
-1.0
-1.0
-1.0
-1.0
-1.0
85.06
60.38
90.54
69.33
143.14
114.0
73.0
86.0
86.5
-1.0
95.17
64.28
69.87
69.52
62.0
84.5
59.0
59.0
74.22
84.39
76.9
76.31
66.73
62.42
66.21
86.39
68.02
72.24
63.5
69.4
76.13
72.21
62.05
69.04
81.44
69.71
62.3
63.42
61.38
67.08
74.11
79.53
64.64
66.67
62.67
62.67
59.67
61.8
121.0
121.0
-1.0
-1.0
-1.0
-1.0
-1.0
91.0
69.62
62.06
82.32
67.53
86.73
65.43
58.07
60.63
103.39
97.43
78.03
69.15
75.11
64.0
87.63
68.86
66.34
66.09
62.19
67.83
77.22
62.4
60.71
60.93
64.53
74.85
62.15
68.47
63.54
63.2
60.57
61.9
63.33
59.94
70.7
74.05
73.24
65.5
64.29
63.82
62.15
112.6
61.46
68.67
74.55
77.89
79.65
63.45
65.94
92.04
66.6
71.75
60.92
68.96
66.33
83.68
62.36
62.48
65.14
69.92
64.19
65.64
83.82
66.39
78.57
61.97
71.38
58.83
67.93
87.27
67.5
67.18
65.42
63.54
65.14
70.17
-1.0
67.0
70.0
70.52
75.91
64.17
91.5
67.48
76.94
64.0
73.36
69.61
71.22
107.37
108.0
66.89
88.5
66.35
105.67
65.57
69.83
70.52
66.1
61.61
70.4
78.83
70.18
72.64
66.34
65.52
68.26
73.12
66.14
72.33
65.54
62.95
62.56
61.5
86.94
82.25
68.9
74.76
65.89
61.0
130.0
68.71
-1.0
61.2
-1.0
99.0
99.0
-1.0
81.5
81.5
93.0
93.0
84.69
76.5
69.25
65.6
66.57
88.11
63.0
64.6
72.4
71.6
99.38
64.33
59.0
59.64
102.32
67.2
62.15
101.92
66.0
62.7
69.94
70.88
71.85
68.61
65.73
95.27
68.43
83.96
62.6
73.0
58.18
61.5
64.57
75.0
61.09
58.8
60.0
127.25
58.75
103.0
60.0
60.0
70.5
60.8
61.0
61.27
66.21
64.64
66.13
79.2
68.5
69.0
69.0
75.75
66.43
88.53
134.27
100.43
58.79
68.82
70.69
113.1
75.64
72.58
72.56
74.42
60.71
62.94
67.1
74.58
71.78
69.57
67.29
67.89
84.96
63.7
98.06
106.56
84.83
78.89
67.75
82.5
66.75
62.67
65.0
61.14
61.14
-1.0
133.5
61.5
-1.0
-1.0
93.0
93.0
95.0
95.0
121.7
118.0
62.6
-1.0
65.5
-1.0
65.5
86.56
83.72
85.24
68.56
63.58
70.67
65.91
78.97
85.72
65.74
67.28
64.55
67.89
73.64
79.64
70.73
65.94
62.75
67.82
78.84
60.08
66.93
81.91
67.13
80.08
64.14
81.85
70.76
66.67
85.83
62.5
63.8
68.19
76.65
67.4
108.25
-1.0
76.6
82.5
82.5
-1.0
-1.0
-1.0
-1.0
-1.0
110.0
63.29
65.3
59.63
65.25
81.5
97.5
88.5
87.0
-1.0
61.5
61.32
61.64
66.81
67.3
69.5
61.0
61.0
71.0
76.18
72.76
68.67
68.34
75.58
66.45
69.09
71.94
64.07
79.08
69.91
65.15
72.29
68.04
61.94
81.13
67.18
66.22
62.95
88.3
124.38
61.94
82.0
66.92
-1.0
106.67
106.67
73.0
-1.0
78.5
78.5
-1.0
-1.0
-1.0
-1.0
-1.0
123.5
65.5
71.16
66.42
63.69
65.22
62.89
80.65
78.13
66.56
72.45
63.06
60.37
79.85
69.31
77.48
70.25
72.98
66.11
67.81
67.56
88.02
69.85
58.07
78.69
67.7
63.26
72.0
60.36
66.64
90.53
67.89
82.84
90.5
63.36
62.8
76.65
74.83
74.06
63.48
66.69
77.33
66.5
74.0
67.8
68.9
84.95
72.38
69.11
68.09
87.67
66.88
65.36
137.0
96.13
69.22
67.18
85.75
69.9
63.33
63.12
80.31
77.04
63.6
62.52
66.33
62.18
79.16
