79.59
0.0
0.0
0.0
0.0
0.0
0.0
0.0
3110.36
59.25
89.0
63.33
315.5
61.33
90.0
280.67
283.83
-1.0
84.29
-1.0
84.29
104.4
-1.0
-1.0
-1.0
101.83
101.83
0.0
0.0
-1.0
0.0
0.0
0.0
-1.0
2312.43
2312.43
-1.0
-1.0
-1.0
482.33
63.0
62.0
87.5
189.0
-1.0
88.5
88.5
85.7
63.15
67.14
64.29
70.1
73.71
67.0
61.8
61.33
72.0
90.2
-1.0
-1.0
-1.0
81.25
112.0
90.0
-1.0
-1.0
-1.0
-1.0
-1.0
91.0
104.2
63.0
63.11
73.69
62.92
75.5
83.0
65.26
65.1
68.38
74.63
67.5
82.4
71.71
75.0
73.21
65.53
61.62
68.62
88.5
73.54
69.24
66.0
72.74
65.25
69.09
75.25
66.74
97.82
62.62
60.61
73.81
87.79
76.74
70.06
65.23
74.52
67.67
77.24
68.12
66.53
69.94
67.73
78.68
74.08
61.93
64.79
71.18
74.56
68.77
68.3
63.19
87.7
73.45
68.7
77.12
82.4
61.38
65.53
66.75
62.98
70.63
73.98
67.6
59.93
76.05
64.5
63.77
82.6
61.48
73.5
74.43
97.61
68.95
70.95
71.78
62.64
66.31
72.45
72.53
63.33
64.05
59.29
56.97
64.15
60.05
86.68
59.29
71.57
65.75
61.24
74.07
118.8
85.88
109.33
62.1
61.9
64.48
67.8
58.08
60.82
67.35
61.92
62.0
63.25
-1.0
65.75
65.75
92.0
-1.0
-1.0
-1.0
91.0
65.2
-1.0
-1.0
96.5
63.6
63.0
96.94
86.44
-1.0
-1.0
-1.0
-1.0
-1.0
-1.0
-1.0
-1.0
-1.0
-1.0
-1.0
-1.0
-1.0
-1.0
-1.0
63.81
88.0
72.56
68.77
64.0
74.27
101.77
63.4
65.4
78.56
63.25
68.29
66.0
64.13
95.0
79.0
197.0
94.8
94.0
97.5
93.5
96.0
96.5
-1.0
95.5
95.5
-1.0
-1.0
-1.0
67.2
67.33
65.0
66.33
67.56
80.41
77.75
98.13
64.89
75.61
68.84
68.91
72.29
112.19
60.0
68.0
101.5
68.75
-1.0
102.0
102.0
68.19
60.78
68.26
95.51
62.31
63.56
76.93
118.97
67.79
66.95
61.9
74.6
72.74
73.38
59.75
64.02
85.69
63.56
74.38
70.95
68.83
69.92
63.86
73.69
75.8
64.52
73.82
69.95
64.11
73.86
70.83
62.86
81.29
64.94
62.55
67.86
63.74
62.18
73.61
68.91
65.33
67.0
67.05
65.19
71.11
68.91
63.3
81.29
61.52
62.39
61.16
64.54
60.0
77.25
65.43
64.57
60.18
63.86
96.64
66.11
63.23
65.85
69.67
81.9
64.38
64.2
97.67
87.13
61.14
86.0
60.33
68.5
82.62
62.53
58.2
69.43
79.09
63.46
78.91
63.56
-1.0
-1.0
63.33
63.57
62.0
58.57
129.11
62.75
63.0
65.0
64.71
69.8
-1.0
85.5
85.5
70.56
69.14
71.0
94.5
-1.0
-1.0
-1.0
72.0
-1.0
-1.0
-1.0
-1.0
-1.0
-1.0
-1.0
-1.0
-1.0
-1.0
-1.0
119.0
82.25
90.5
97.08
93.58
74.77
65.53
67.9
66.18
66.74
77.42
98.11
91.12
62.54
81.82
85.6
88.75
64.96
69.38
68.33
62.35
69.53
61.1
72.83
67.18
63.2
68.56
75.95
75.14
77.23
68.9
84.99
94.73
75.03
98.16
64.04
81.08
60.18
65.16
78.51
62.38
74.35
59.2
70.14
65.59
66.93
66.68
65.36
63.02
66.75
63.34
71.0
91.63
73.53
70.43
66.38
65.14
66.1
70.57
77.14
64.86
70.47
57.84
62.26
97.16
63.23
59.64
78.51
68.52
65.54
69.64
92.72
80.65
74.42
74.96
75.55
63.14
61.85
65.4
62.65
63.13
79.69
58.5
70.16
62.07
59.0
63.15
114.15
67.36
72.18
69.21
72.62
79.32
75.78
71.11
84.75
63.5
66.53
59.87
59.53
58.8
61.47
73.44
61.93
72.31
71.6
63.0
63.4
66.9
60.74
79.75
59.88
94.17
72.09
61.2
61.81
69.93
77.0
63.24
64.33
73.56
77.94
65.59
64.27
79.73
87.38
70.2
71.75
86.58
64.77
75.67
66.4
99.58
63.2
60.36
72.3
70.7
84.18
77.61
65.29
73.21
76.61
65.63
73.61
67.59
67.83
66.54
63.19
70.87
68.33
85.54
72.85
76.7
64.35
76.73
75.48
71.13
61.42
69.5
67.92
84.45
78.88
63.6
64.61
106.68
59.18
61.64
72.84
69.74
86.78
68.77
79.91
116.23
66.73
80.71
61.45
64.0
63.66
60.39
63.98
61.98
65.69
62.04
72.0
73.52
66.75
66.21
73.62
67.94
77.13
66.89
104.43
88.97
71.34
76.04
68.7
72.46
66.98
65.58
63.15
79.82
60.12
59.88
66.72
66.88
65.74
70.22
66.45
63.64
68.95
83.8
64.86
61.96
87.0
61.69
73.61
67.64
87.8
76.82
82.0
66.14
60.33
59.92
62.13
71.29
61.43
87.89
72.0
64.33
70.4
62.0
-1.0
-1.0
95.5
65.14
61.25
63.8
63.75
66.53
72.76
83.63
64.13
64.96
62.81
64.78
62.0
64.71
62.04
61.15
81.52
65.54
61.39
72.87
62.43
64.19
61.06
76.16
64.24
63.2
61.96
61.9
80.22
68.29
61.75
63.72
94.94
63.14
64.28
63.0
69.75
65.12
67.91
96.0
81.5
61.43
61.88
61.0
60.0
63.87
59.07
67.79
64.37
81.43
80.93
65.64
64.67
72.04
66.57
58.09
61.56
83.3
73.79
85.75
70.76
75.76
69.05
65.2
64.73
59.83
67.63
62.7
72.36
66.08
61.2
68.85
64.41
62.51
68.65
67.35
68.42
67.55
68.17
75.25
78.53
64.82
75.36
67.79
83.1
64.11
74.73
78.36
68.16
78.39
63.14
67.73
65.11
79.18
76.2
65.23
63.89
61.2
68.18
95.64
62.38
75.97
60.83
65.91
61.16
79.5
65.36
61.61
61.69
68.85
60.04
66.63
66.6
63.91
61.44
61.06
64.69
63.23
95.67
101.69
63.5
79.0
61.19
64.24
61.39
62.75
74.62
72.08
63.73
60.88
63.75
93.67
79.5
66.71
62.57
65.0
-1.0
-1.0
266.0
112.67
68.6
108.67
80.5
-1.0
94.5
71.8
61.63
-1.0
97.5
97.75
73.0
-1.0
-1.0
69.5
80.67
71.5
84.0
-1.0
141.0
-1.0
94.5
66.5
65.86
64.06
64.38
64.7
67.77
98.43
64.33
79.0
91.0
135.5
135.0
71.0
64.3
62.4
87.7
65.33
68.43
99.9
79.8
62.5
65.3
59.29
68.86
70.63
80.5
67.6
68.0
74.4
70.4
91.5
84.0
65.6
86.5
76.2
102.88
68.8
80.67
67.67
73.0
65.2
59.0
64.75
59.83
59.64
88.0
83.13
66.56
71.5
69.8
59.2
72.64
71.5
75.08
61.25
78.82
64.62
91.58
103.15
71.07
63.18
63.38
61.5
68.6
61.63
70.06
72.8
68.25
63.75
61.19
65.31
64.61
74.12
74.76
57.93
75.92
68.5
133.32
96.1
78.94
70.55
80.62
68.29
67.86
66.78
65.61
74.64
70.35
70.63
62.2
63.6
122.18
61.85
64.63
65.39
64.41
60.59
66.94
68.14
63.14
66.71
69.43
68.29
73.0
64.44
69.43
70.1
64.77
89.2
62.22
88.2
64.0
59.86
61.27
67.6
67.1
62.5
122.71
110.6
67.88
77.0
67.8
84.0
73.86
67.0
-1.0
100.0
74.0
68.43
66.14
65.57
65.75
65.67
73.6
63.8
63.86
103.5
79.78
75.94
81.22
86.27
65.71
67.83
64.43
62.0
63.08
67.45
103.0
61.2
70.93
72.71
65.21
61.0
65.53
63.64
94.0
70.5
129.2
-1.0
257.0
257.0
74.92
87.09
64.86
82.0
64.55
64.44
63.0
78.47
61.57
64.32
63.86
60.38
63.9
65.07
64.57
61.73
70.07
73.75
68.83
71.46
71.13
67.11
64.89
76.32
64.82
69.25
67.67
90.2
71.0
76.87
92.3
68.21
74.11
81.56
63.3
63.23
68.4
61.14
73.14
60.25
68.54
93.95
62.32
74.82
90.0
59.58
72.0
60.21
67.55
60.38
73.2
60.0
73.17
72.74
63.22
74.74
65.13
87.77
87.81
64.38
76.16
83.69
122.67
60.32
60.58
64.62
79.17
76.38
66.25
75.83
67.61
66.38
59.08
62.37
63.57
72.63
67.18
68.71
78.59
60.36
77.71
62.28
59.33
75.0
71.0
67.4
67.25
77.5
65.14
64.33
61.5
76.0
97.33
61.33
60.0
82.5
65.5
120.8
61.14
-1.0
81.71
-1.0
70.2
61.33
-1.0
-1.0
-1.0
159.5
88.8
60.71
60.75
-1.0
102.5
69.0
60.25
-1.0
61.0
93.33
-1.0
-1.0
-1.0
69.0
64.6
81.5
96.0
97.0
-1.0
97.0
70.7
66.38
90.71
65.86
74.0
77.24
66.38
113.4
89.33
71.75
69.6
66.75
-1.0
-1.0
-1.0
76.4
71.0
100.0
-1.0
-1.0
-1.0
-1.0
-1.0
75.6
70.4
66.67
68.2
131.15
78.16
73.0
66.09
68.29
70.38
79.72
67.63
66.44
73.31
74.92
94.15
65.13
82.4
60.24
61.59
67.75
59.05
60.27
77.03
69.53
80.11
83.78
65.09
78.74
60.51
91.43
60.56
64.44
65.82
97.19
66.35
59.22
73.98
75.2
66.55
64.63
76.58
78.57
66.11
61.12
99.63
104.84
72.93
77.95
72.98
83.27
64.56
68.54
74.36
65.23
67.04
88.68
64.56
66.93
66.95
67.61
61.13
68.19
67.92
73.22
75.9
78.98
62.38
72.03
61.03
63.63
64.5
60.87
72.82
61.08
73.91
68.93
61.0
60.62
60.59
71.54
90.23
58.81
62.55
73.49
71.26
89.0
65.62
65.58
64.75
69.53
75.8
63.2
76.6
63.63
65.4
72.8
61.52
59.44
62.08
63.59
72.31
63.85
68.44
61.4
192.0
-1.0
250.0
250.0
89.5
-1.0
-1.0
-1.0
91.4
76.5
-1.0
-1.0
67.8
74.89
62.2
98.19
60.07
-1.0
-1.0
