1.0	0.0	99.78
3.0	0.0	0.0
3.0	0.0	0.0
13.0	0.0	0.0
13.0	0.0	0.0
23.0	0.0	0.0
30.0	0.0	0.0
31.0	0.0	0.0
42.0	0.0	0.0
42.0	0.0	0.0
55.0	0.0	0.0
55.0	0.0	0.0
64.0	13.0	22.03
64.0	13.0	22.03
73.0	17.0	25.0
79.0	26.0	33.77
85.0	28.0	35.44
85.0	28.0	35.44
125.0	55.0	49.11
137.0	76.0	57.14
146.0	89.0	60.96
146.0	89.0	60.96
146.0	89.0	60.96
146.0	89.0	60.96
161.0	89.0	60.96
198.0	89.0	60.96
263.0	89.0	37.08
316.0	89.0	29.77
367.0	89.0	25.43
407.0	89.0	22.7
472.0	89.0	19.78
538.0	100.0	19.38
655.0	293.0	48.19
783.0	429.0	57.66
892.0	542.0	63.17
996.0	649.0	67.25
1083.0	726.0	69.74
1249.0	874.0	73.32
1398.0	1035.0	76.61
1553.0	1184.0	78.88
1674.0	1316.0	80.64
1877.0	1491.0	82.42
2099.0	1714.0	84.52
2256.0	1902.0	85.79
2411.0	2041.0	86.63
2542.0	2180.0	87.3
2654.0	2298.0	87.61
2754.0	2396.0	88.06
2844.0	2470.0	88.21
2933.0	2569.0	88.43
3023.0	2642.0	88.18
3095.0	2709.0	88.3
3206.0	2800.0	88.44
3276.0	2880.0	88.62
3332.0	2922.0	88.07
3372.0	2959.0	88.14
3435.0	3012.0	88.22
3480.0	3057.0	88.28
3517.0	3097.0	88.26
3526.0	3114.0	88.32
3530.0	3115.0	88.29
3530.0	3117.0	88.3
3530.0	3117.0	88.3
3549.0	3122.0	88.19
3596.0	3162.0	88.32
3596.0	3178.0	88.38
3596.0	3178.0	88.38
3596.0	3178.0	88.38
3596.0	3178.0	88.38
3596.0	3178.0	88.38
3622.0	3189.0	88.36
3661.0	3226.0	88.43
3690.0	3260.0	88.56
3712.0	3280.0	88.53
3725.0	3296.0	88.58
3734.0	3307.0	88.61
3739.0	3313.0	88.63
3743.0	3318.0	88.65
3748.0	3318.0	88.65
3754.0	3318.0	88.65
3787.0	3339.0	88.59
3857.0	3392.0	88.68
3933.0	3475.0	88.92
3985.0	3538.0	89.12
4003.0	3569.0	89.2
4008.0	3576.0	89.22
4015.0	3576.0	89.22
4076.0	3576.0	89.22
4257.0	3737.0	89.42
4502.0	3982.0	90.07
4731.0	4214.0	90.57
4941.0	4431.0	90.93
5111.0	4613.0	91.27
5266.0	4774.0	91.54
5451.0	4951.0	91.82
5600.0	5113.0	92.08
5818.0	5307.0	92.34
6018.0	5516.0	92.52
6170.0	5684.0	92.82
6272.0	5807.0	92.94
6396.0	5914.0	93.08
6465.0	6005.0	93.17
6537.0	6075.0	93.26
6577.0	6129.0	93.32
6599.0	6153.0	93.34
6627.0	6178.0	93.37
6678.0	6219.0	93.41
6714.0	6267.0	93.45
6749.0	6297.0	93.48
6766.0	6318.0	93.5
6811.0	6357.0	93.54
6844.0	6394.0	93.58
6877.0	6429.0	93.61
6880.0	6441.0	93.62
6880.0	6441.0	93.62
6887.0	6445.0	93.62
6904.0	6460.0	93.64
6911.0	6467.0	93.64
6911.0	6467.0	93.64
6915.0	6471.0	93.58
6915.0	6471.0	93.58
6915.0	6471.0	93.58
6915.0	6471.0	93.58
6915.0	6471.0	93.58
6917.0	6471.0	93.58
6936.0	6478.0	93.57
6977.0	6514.0	93.58
7032.0	6566.0	93.63
7083.0	6623.0	93.7
7123.0	6661.0	93.72
7200.0	6733.0	93.79
7249.0	6788.0	93.83
7308.0	6847.0	93.88
7446.0	6921.0	93.93
7696.0	7159.0	94.06
7908.0	7395.0	94.26
8078.0	7579.0	94.43
8279.0	7757.0	94.53
8457.0	7954.0	94.69
8640.0	8130.0	94.78
8835.0	8325.0	94.92
9029.0	8516.0	95.0
9189.0	8686.0	95.12
9299.0	8822.0	95.19
9442.0	8938.0	95.24
9607.0	9102.0	95.31
9775.0	9275.0	95.4
9893.0	9419.0	95.48
9974.0	9500.0	95.52
10066.0	9587.0	95.55
10189.0	9703.0	95.6
10269.0	9797.0	95.65
10321.0	9861.0	95.67
10361.0	9903.0	95.7
10401.0	9940.0	95.71
10456.0	9987.0	95.73
10517.0	10051.0	95.75
10564.0	10104.0	95.78
10610.0	10149.0	95.8
10647.0	10192.0	95.82
10699.0	10232.0	95.82
10767.0	10296.0	95.85
10831.0	10365.0	95.87
10883.0	10416.0	95.9
10939.0	10476.0	95.92
10983.0	10526.0	95.94
11018.0	10563.0	95.96
11052.0	10593.0	95.97
11088.0	10631.0	95.98
11127.0	10672.0	96.0
11167.0	10704.0	96.01
11229.0	10766.0	96.02
11298.0	10830.0	96.04
11360.0	10897.0	96.06
11440.0	10967.0	96.08
11500.0	11034.0	96.11
11564.0	11102.0	96.14
11597.0	11139.0	96.16
11651.0	11179.0	96.16
11748.0	11261.0	96.18
11938.0	11403.0	96.2
12215.0	11672.0	96.27
12443.0	11934.0	96.39
12639.0	12129.0	96.45
12801.0	12301.0	96.49
12926.0	12447.0	96.53
13000.0	12526.0	96.56
13201.0	12676.0	96.57
13424.0	12913.0	96.67
13621.0	13106.0	96.71
13811.0	13301.0	96.75
13957.0	13467.0	96.79
14039.0	13568.0	96.82
14114.0	13642.0	96.83
14193.0	13726.0	96.85
14275.0	13806.0	96.87
14329.0	13864.0	96.88
14359.0	13903.0	96.9
14387.0	13933.0	96.9
14415.0	13963.0	96.91
14440.0	13986.0	96.92
14452.0	14006.0	96.92
14452.0	14007.0	96.92
14452.0	14007.0	96.92
14500.0	14029.0	96.92
14575.0	14106.0	96.94
14664.0	14188.0	96.95
14740.0	14268.0	96.97
14822.0	14351.0	96.99
14887.0	14420.0	97.0
14938.0	14476.0	97.01
15005.0	14537.0	97.02
15074.0	14608.0	97.04
15123.0	14664.0	97.05
15177.0	14715.0	97.06
15219.0	14762.0	97.07
15242.0	14789.0	97.08
15280.0	14820.0	97.08
15328.0	14863.0	97.09
15378.0	14919.0	97.1
15441.0	14974.0	97.11
15502.0	15037.0	97.13
15614.0	15121.0	97.13
15796.0	15286.0	97.14
15949.0	15453.0	97.19
16099.0	15598.0	97.22
16233.0	15745.0	97.23
16342.0	15864.0	97.27
16453.0	15960.0	97.28
16682.0	16166.0	97.31
16887.0	16371.0	97.34
17072.0	16560.0	97.37
17255.0	16752.0	97.41
17396.0	16897.0	97.42
17576.0	17071.0	97.46
17754.0	17246.0	97.47
17936.0	17436.0	97.51
18085.0	17592.0	97.52
18215.0	17733.0	97.54
18298.0	17829.0	97.56
18342.0	17878.0	97.57
18383.0	17925.0	97.58
18419.0	17961.0	97.58
18478.0	18011.0	97.58
18519.0	18062.0	97.6
18549.0	18096.0	97.6
18562.0	18115.0	97.6
18581.0	18131.0	97.6
18581.0	18136.0	97.61
18581.0	18136.0	97.61
18595.0	18136.0	97.61
18608.0	18156.0	97.57
18611.0	18156.0	97.57
18615.0	18156.0	97.57
18624.0	18168.0	97.56
18626.0	18169.0	97.56
18626.0	18169.0	97.56
18661.0	18194.0	97.55
18687.0	18224.0	97.55
18692.0	18233.0	97.55
18715.0	18248.0	97.56
18741.0	18278.0	97.56
18768.0	18301.0	97.56
18793.0	18329.0	97.57
18815.0	18351.0	97.57
18826.0	18364.0	97.57
18835.0	18376.0	97.57
18847.0	18385.0	97.57
18863.0	18403.0	97.58
18876.0	18414.0	97.58
18897.0	18428.0	97.58
18923.0	18458.0	97.58
18972.0	18501.0	97.59
19000.0	18535.0	97.59
19031.0	18564.0	97.6
19071.0	18601.0	97.6
19105.0	18640.0	97.61
19133.0	18668.0	97.61
19181.0	18708.0	97.61
19230.0	18757.0	97.62
19299.0	18816.0	97.62
19377.0	18895.0	97.63
19436.0	18961.0	97.65
19473.0	19002.0	97.65
19508.0	19032.0	97.66
19583.0	19100.0	97.65
19645.0	19171.0	97.67
19693.0	19219.0	97.68
19745.0	19270.0	97.68
19770.0	19305.0	97.69
19791.0	19327.0	97.69
19825.0	19357.0	97.69
19858.0	19390.0	97.69
19885.0	19414.0	97.7
19912.0	19445.0	97.7
19933.0	19466.0	97.71
19953.0	19491.0	97.71
19963.0	19505.0	97.71
19964.0	19506.0	97.71
19964.0	19506.0	97.71
19979.0	19516.0	97.71
20009.0	19533.0	97.71
20069.0	19592.0	97.71
20119.0	19642.0	97.72
20153.0	19682.0	97.73
20182.0	19714.0	97.73
20226.0	19752.0	97.72
20269.0	19799.0	97.73
20286.0	19823.0	97.74
20288.0	19828.0	97.74
20288.0	19828.0	97.74
20321.0	19843.0	97.73
20365.0	19891.0	97.73
20404.0	19936.0	97.74
20442.0	19969.0	97.75
20480.0	20011.0	97.75
20514.0	20047.0	97.76
20564.0	20083.0	97.76
20596.0	20130.0	97.77
20636.0	20161.0	97.77
20681.0	20201.0	97.77
20741.0	20259.0	97.78
20784.0	20310.0	97.79
20827.0	20349.0	97.79
20881.0	20400.0	97.79
20936.0	20456.0	97.8
20987.0	20512.0	97.81
21065.0	20565.0	97.81
21170.0	20677.0	97.82
21249.0	20764.0	97.83
21333.0	20838.0	97.84
21411.0	20924.0	97.84
21476.0	20994.0	97.85
21543.0	21061.0	97.86
21600.0	21116.0	97.86
21641.0	21167.0	97.87
21692.0	21214.0	97.88
21715.0	21253.0	97.88
21728.0	21264.0	97.88
21740.0	21277.0	97.88
21751.0	21285.0	97.88
21761.0	21299.0	97.89
21777.0	21310.0	97.89
21778.0	21317.0	97.89
21778.0	21317.0	97.89
21782.0	21317.0	97.89
21799.0	21332.0	97.88
21801.0	21336.0	97.88
21801.0	21336.0	97.88
21804.0	21339.0	97.87
21804.0	21339.0	97.87
21808.0	21341.0	97.87
21814.0	21343.0	97.87
21814.0	21343.0	97.87
21854.0	21369.0	97.84
21866.0	21391.0	97.85
21875.0	21404.0	97.85
21875.0	21404.0	97.85
21875.0	21404.0	97.85
21875.0	21404.0	97.85
21890.0	21409.0	97.82
21927.0	21438.0	97.83
21992.0	21493.0	97.83
22045.0	21552.0	97.84
22096.0	21603.0	97.84
22136.0	21645.0	97.85
22201.0	21700.0	97.84
22267.0	21768.0	97.86
22384.0	21860.0	97.86
22512.0	21996.0	97.88
22621.0	22110.0	97.89
22725.0	22217.0	97.9
22812.0	22293.0	97.91
22978.0	22443.0	97.91
23127.0	22602.0	97.93
23282.0	22751.0	97.94
23403.0	22882.0	97.95
23606.0	23056.0	97.95
23828.0	23277.0	97.98
23985.0	23468.0	98.0
24140.0	23608.0	98.02
24271.0	23747.0	98.02
24383.0	23873.0	98.03
24483.0	23973.0	98.05
24573.0	24052.0	98.06
24662.0	24157.0	98.06
24752.0	24248.0	98.07
24824.0	24320.0	98.08
24935.0	24418.0	98.08
25005.0	24502.0	98.09
25061.0	24570.0	98.1
25101.0	24610.0	98.1
25164.0	24666.0	98.1
25209.0	24716.0	98.11
25246.0	24760.0	98.11
25255.0	24779.0	98.12
25256.0	24779.0	98.12
25256.0	24779.0	98.12
25268.0	24786.0	98.09
25268.0	24786.0	98.09
25284.0	24786.0	98.09
25284.0	24802.0	98.09
25284.0	24802.0	98.09
25284.0	24802.0	98.09
25284.0	24802.0	98.09
25284.0	24802.0	98.09
25310.0	24813.0	98.09
25349.0	24852.0	98.09
25378.0	24885.0	98.09
25400.0	24909.0	98.09
25413.0	24925.0	98.1
25422.0	24936.0	98.1
25427.0	24942.0	98.1
25431.0	24947.0	98.1
25436.0	24947.0	98.1
25442.0	24947.0	98.1
25475.0	24968.0	98.08
25545.0	25024.0	98.08
25621.0	25106.0	98.09
25673.0	25169.0	98.09
25691.0	25200.0	98.1
25696.0	25207.0	98.1
25703.0	25207.0	98.1
25764.0	25207.0	98.1
25945.0	25368.0	98.07
26190.0	25609.0	98.08
26419.0	25843.0	98.11
26629.0	26062.0	98.12
26799.0	26244.0	98.14
26954.0	26405.0	98.15
27139.0	26581.0	98.16
27288.0	26743.0	98.17
27506.0	26938.0	98.19
27706.0	27150.0	98.19
27858.0	27315.0	98.21
27960.0	27439.0	98.22
28084.0	27545.0	98.23
28153.0	27636.0	98.23
28225.0	27705.0	98.24
28265.0	27760.0	98.24
28287.0	27784.0	98.25
28315.0	27809.0	98.25
28366.0	27850.0	98.25
28402.0	27898.0	98.25
28437.0	27928.0	98.25
28454.0	27949.0	98.26
28499.0	27988.0	98.26
28532.0	28025.0	98.26
28565.0	28060.0	98.26
28568.0	28072.0	98.26
28568.0	28072.0	98.26
28575.0	28076.0	98.26
28592.0	28091.0	98.26
28599.0	28098.0	98.27
28599.0	28098.0	98.27
28603.0	28102.0	98.25
28603.0	28102.0	98.25
28603.0	28102.0	98.25
28603.0	28102.0	98.25
28603.0	28102.0	98.25
28605.0	28102.0	98.25
28624.0	28109.0	98.25
28665.0	28147.0	98.25
28720.0	28198.0	98.25
28771.0	28254.0	98.25
28811.0	28291.0	98.25
28888.0	28364.0	98.26
28937.0	28420.0	98.26
28996.0	28478.0	98.26
29134.0	28551.0	98.26
29384.0	28793.0	98.27
29596.0	29021.0	98.27
29766.0	29210.0	98.3
29967.0	29388.0	98.31
30145.0	29585.0	98.33
30328.0	29762.0	98.33
30523.0	29953.0	98.34
30717.0	30148.0	98.36
30877.0	30317.0	98.37
30987.0	30452.0	98.37
31130.0	30570.0	98.38
31295.0	30732.0	98.38
31463.0	30905.0	98.39
31581.0	31049.0	98.4
31662.0	31131.0	98.41
31754.0	31218.0	98.41
31877.0	31334.0	98.42
31957.0	31428.0	98.42
32009.0	31492.0	98.43
32049.0	31534.0	98.43
32089.0	31572.0	98.43
32144.0	31618.0	98.43
32205.0	31682.0	98.44
32252.0	31735.0	98.44
32298.0	31780.0	98.44
32335.0	31823.0	98.45
32387.0	31863.0	98.45
32455.0	31927.0	98.45
32519.0	31996.0	98.45
32571.0	32047.0	98.46
32627.0	32108.0	98.46
32671.0	32156.0	98.46
32706.0	32194.0	98.46
32740.0	32224.0	98.47
32776.0	32262.0	98.47
32815.0	32301.0	98.46
32855.0	32335.0	98.47
32917.0	32397.0	98.47
32986.0	32461.0	98.47
33048.0	32529.0	98.48
33128.0	32596.0	98.47
33188.0	32665.0	98.48
33252.0	32733.0	98.49
33285.0	32770.0	98.49
33339.0	32810.0	98.49
33436.0	32892.0	98.49
33626.0	33035.0	98.49
33903.0	33304.0	98.5
34131.0	33567.0	98.53
34327.0	33762.0	98.53
34489.0	33932.0	98.53
34614.0	34078.0	98.54
34688.0	34157.0	98.55
34889.0	34308.0	98.55
35112.0	34544.0	98.57
35309.0	34737.0	98.57
35499.0	34933.0	98.58
35645.0	35098.0	98.58
35727.0	35199.0	98.59
35807.0	35274.0	98.59
35887.0	35353.0	98.6
35958.0	35434.0	98.6
36002.0	35490.0	98.61
36034.0	35520.0	98.61
36063.0	35548.0	98.61
36085.0	35576.0	98.61
36109.0	35601.0	98.61
36115.0	35613.0	98.61
36115.0	35613.0	98.61
36123.0	35613.0	98.61
36192.0	35657.0	98.6
36269.0	35735.0	98.61
36351.0	35823.0	98.61
36432.0	35900.0	98.62
36508.0	35982.0	98.62
36565.0	36047.0	98.62
36622.0	36098.0	98.63
36696.0	36165.0	98.63
36755.0	36234.0	98.63
36805.0	36284.0	98.64
36857.0	36337.0	98.63
36890.0	36380.0	98.64
36914.0	36403.0	98.64
36957.0	36441.0	98.64
37014.0	36488.0	98.64
37060.0	36539.0	98.64
37127.0	36601.0	98.64
37190.0	36662.0	98.65
37334.0	36772.0	98.65
37511.0	36954.0	98.65
37654.0	37107.0	98.66
37812.0	37257.0	98.66
37937.0	37391.0	98.67
38038.0	37501.0	98.67
38190.0	37609.0	98.67
38417.0	37840.0	98.68
38605.0	38046.0	98.69
38802.0	38230.0	98.7
38960.0	38415.0	98.71
39120.0	38551.0	98.7
39296.0	38732.0	98.71
39482.0	38914.0	98.72
39655.0	39094.0	98.72
39799.0	39245.0	98.73
39911.0	39375.0	98.74
39976.0	39458.0	98.74
40021.0	39502.0	98.74
40055.0	39544.0	98.75
40098.0	39580.0	98.75
40158.0	39638.0	98.75
40193.0	39680.0	98.75
40220.0	39710.0	98.75
40232.0	39723.0	98.75
40244.0	39742.0	98.75
40244.0	39742.0	98.75
40246.0	39742.0	98.75
40253.0	39744.0	98.75
40253.0	39744.0	98.75
40259.0	39750.0	98.74
40259.0	39750.0	98.74
40259.0	39750.0	98.74
40265.0	39752.0	98.73
40265.0	39752.0	98.73
40288.0	39762.0	98.73
40303.0	39788.0	98.73
40310.0	39793.0	98.73
40339.0	39816.0	98.73
40362.0	39842.0	98.73
40390.0	39869.0	98.73
40414.0	39894.0	98.73
40434.0	39915.0	98.73
40445.0	39927.0	98.73
40454.0	39936.0	98.73
40469.0	39948.0	98.73
40483.0	39964.0	98.73
40491.0	39977.0	98.73
40522.0	39998.0	98.73
40556.0	40024.0	98.73
40596.0	40072.0	98.73
40627.0	40101.0	98.74
40658.0	40132.0	98.74
40699.0	40172.0	98.74
40729.0	40206.0	98.74
40763.0	40234.0	98.74
40811.0	40281.0	98.74
40863.0	40331.0	98.74
40943.0	40399.0	98.74
41013.0	40476.0	98.74
41060.0	40536.0	98.75
41094.0	40574.0	98.75
41150.0	40608.0	98.75
41222.0	40681.0	98.75
41272.0	40746.0	98.76
41325.0	40794.0	98.76
41369.0	40846.0	98.76
41391.0	40870.0	98.76
41414.0	40892.0	98.76
41452.0	40926.0	98.76
41477.0	40959.0	98.76
41511.0	40986.0	98.76
41530.0	41013.0	98.76
41555.0	41034.0	98.77
41569.0	41054.0	98.77
41577.0	41064.0	98.77
41578.0	41064.0	98.77
41582.0	41064.0	98.77
41598.0	41079.0	98.76
41646.0	41108.0	98.76
41697.0	41168.0	98.76
41746.0	41218.0	98.77
41778.0	41253.0	98.77
41811.0	41282.0	98.77
41856.0	41326.0	98.77
41887.0	41369.0	98.77
41900.0	41386.0	98.77
41902.0	41386.0	98.77
41906.0	41386.0	98.77
41948.0	41418.0	98.77
41997.0	41463.0	98.77
42028.0	41502.0	98.77
42071.0	41540.0	98.77
42108.0	41578.0	98.77
42139.0	41612.0	98.78
42193.0	41661.0	98.77
42220.0	41694.0	98.78
42260.0	41734.0	98.78
42314.0	41778.0	98.78
42370.0	41838.0	98.78
42410.0	41882.0	98.78
42459.0	41924.0	98.78
42513.0	41977.0	98.78
42571.0	42033.0	98.78
42616.0	42085.0	98.79
42718.0	42161.0	98.79
42813.0	42266.0	98.79
42887.0	42345.0	98.79
42975.0	42430.0	98.8
43048.0	42508.0	98.8
43113.0	42572.0	98.8
43171.0	42640.0	98.8
43230.0	42697.0	98.8
43274.0	42739.0	98.81
43324.0	42790.0	98.81
43333.0	42813.0	98.81
43344.0	42826.0	98.81
43358.0	42838.0	98.81
43368.0	42849.0	98.81
43379.0	42859.0	98.81
43391.0	42875.0	98.81
43392.0	42875.0	98.81
43392.0	42875.0	98.81
43402.0	42877.0	98.8
43413.0	42894.0	98.8
43415.0	42894.0	98.8
43418.0	42894.0	98.8
43418.0	42897.0	98.8
43418.0	42897.0	98.8
43422.0	42901.0	98.8
43428.0	42901.0	98.8
43438.0	42901.0	98.8
43473.0	42941.0	98.79
43485.0	42953.0	98.79
43489.0	42962.0	98.79
43489.0	42962.0	98.79
43489.0	42962.0	98.79
43489.0	42962.0	98.79
43513.0	42972.0	98.78
43562.0	43009.0	98.78
43627.0	43073.0	98.78
43678.0	43126.0	98.78
43722.0	43177.0	98.78
43772.0	43217.0	98.78
43838.0	43281.0	98.78
43915.0	43348.0	98.79
44045.0	43464.0	98.79
44165.0	43593.0	98.79
44274.0	43701.0	98.79
44361.0	43805.0	98.8
44483.0	43893.0	98.8
44647.0	44057.0	98.8
44789.0	44207.0	98.81
44935.0	44360.0	98.81
45081.0	44484.0	98.82
45293.0	44687.0	98.82
45509.0	44905.0	98.82
45643.0	45065.0	98.83
45800.0	45219.0	98.83
45925.0	45351.0	98.84
46031.0	45464.0	98.84
46120.0	45563.0	98.84
46225.0	45654.0	98.85
46305.0	45743.0	98.85
46390.0	45833.0	98.85
46470.0	45905.0	98.85
46572.0	46015.0	98.85
46643.0	46086.0	98.86
46685.0	46141.0	98.86
46736.0	46183.0	98.86
46793.0	46244.0	98.86
46839.0	46291.0	98.86
46865.0	46328.0	98.86
46870.0	46337.0	98.86
46870.0	46337.0	98.86
46880.0	46337.0	98.86
46882.0	46344.0	98.85
46882.0	46344.0	98.85
46898.0	46360.0	98.85
46898.0	46360.0	98.85
46898.0	46360.0	98.85
46898.0	46360.0	98.85
46898.0	46360.0	98.85
46902.0	46360.0	98.85
46938.0	46384.0	98.85
46973.0	46423.0	98.85
47000.0	46452.0	98.85
47022.0	46474.0	98.85
47029.0	46487.0	98.85
47038.0	46496.0	98.85
47043.0	46501.0	98.85
47050.0	46505.0	98.85
47050.0	46505.0	98.85
47062.0	46511.0	98.84
47111.0	46544.0	98.84
47187.0	46613.0	98.84
47257.0	46689.0	98.84
47297.0	46742.0	98.85
47309.0	46760.0	98.85
47317.0	46765.0	98.85
47317.0	46765.0	98.85
47431.0	46824.0	98.83
47639.0	47006.0	98.84
47876.0	47249.0	98.84
48113.0	47481.0	98.85
48302.0	47690.0	98.85
48468.0	47859.0	98.86
48629.0	48014.0	98.86
48811.0	48201.0	98.87
48970.0	48347.0	98.87
49193.0	48564.0	98.87
49375.0	48768.0	98.88
49516.0	48919.0	98.88
49614.0	49020.0	98.88
49726.0	49145.0	98.89
49795.0	49214.0	98.89
49857.0	49286.0	98.89
49887.0	49327.0	98.89
49912.0	49349.0	98.89
49947.0	49377.0	98.89
49998.0	49427.0	98.89
50026.0	49464.0	98.9
50058.0	49499.0	98.9
50086.0	49516.0	98.9
50128.0	49561.0	98.9
50159.0	49594.0	98.9
50182.0	49627.0	98.9
50182.0	49630.0	98.9
50182.0	49630.0	98.9
50194.0	49637.0	98.9
50208.0	49654.0	98.9
50213.0	49656.0	98.9
50213.0	49656.0	98.9
50217.0	49660.0	98.89
50217.0	49660.0	98.89
50217.0	49660.0	98.89
50217.0	49660.0	98.89
50217.0	49660.0	98.89
50223.0	49661.0	98.89
50250.0	49680.0	98.89
50299.0	49721.0	98.89
50353.0	49775.0	98.89
50398.0	49827.0	98.89
50453.0	49866.0	98.89
50520.0	49943.0	98.89
50572.0	49993.0	98.9
50625.0	50052.0	98.9
50831.0	50185.0	98.89
51071.0	50439.0	98.9
51274.0	50651.0	98.91
51432.0	50819.0	98.91
51649.0	51020.0	98.91
51823.0	51196.0	98.91
52013.0	51379.0	98.92
52205.0	51576.0	98.92
52383.0	51769.0	98.93
52536.0	51928.0	98.93
52643.0	52041.0	98.94
52800.0	52181.0	98.93
52972.0	52348.0	98.94
53125.0	52517.0	98.94
53223.0	52635.0	98.95
53307.0	52716.0	98.95
53411.0	52807.0	98.95
53522.0	52931.0	98.95
53589.0	53011.0	98.95
53637.0	53064.0	98.96
53677.0	53104.0	98.96
53716.0	53144.0	98.96
53776.0	53198.0	98.96
53836.0	53259.0	98.96
53881.0	53307.0	98.96
53926.0	53353.0	98.96
53964.0	53390.0	98.96
54024.0	53441.0	98.96
54092.0	53509.0	98.96
54148.0	53573.0	98.97
54206.0	53625.0	98.97
54255.0	53682.0	98.97
54297.0	53726.0	98.97
54328.0	53761.0	98.97
54368.0	53794.0	98.97
54405.0	53831.0	98.97
54439.0	53870.0	98.97
54490.0	53909.0	98.97
54555.0	53971.0	98.97
54618.0	54040.0	98.97
54685.0	54102.0	98.98
54762.0	54182.0	98.98
54827.0	54242.0	98.98
54878.0	54306.0	98.98
54909.0	54340.0	98.98
54976.0	54392.0	98.98
55085.0	54486.0	98.98
55326.0	54681.0	98.99
55605.0	54958.0	98.99
55810.0	55180.0	98.99
56001.0	55381.0	99.0
56152.0	55542.0	99.0
56254.0	55667.0	99.0
56357.0	55742.0	99.01
56583.0	55940.0	99.0
56786.0	56163.0	99.01
56993.0	56362.0	99.01
57167.0	56554.0	99.02
57290.0	56698.0	99.02
57365.0	56779.0	99.02
57449.0	56861.0	99.02
57529.0	56940.0	99.02
57587.0	57012.0	99.03
57625.0	57057.0	99.03
57655.0	57089.0	99.03
57685.0	57118.0	99.03
57708.0	57140.0	99.03
57728.0	57164.0	99.03
57729.0	57170.0	99.03
57729.0	57170.0	99.03
57752.0	57178.0	99.03
57829.0	57244.0	99.03
57911.0	57323.0	99.03
57991.0	57405.0	99.03
58074.0	57485.0	99.03
58143.0	57562.0	99.04
58199.0	57620.0	99.04
58261.0	57676.0	99.04
58331.0	57750.0	99.04
58386.0	57809.0	99.04
58438.0	57859.0	99.04
58484.0	57912.0	99.04
58511.0	57945.0	99.04
58542.0	57969.0	99.04
58585.0	58012.0	99.05
58641.0	58068.0	99.04
58697.0	58114.0	99.05
58759.0	58181.0	99.05
58845.0	58242.0	99.04
59013.0	58387.0	99.05
59177.0	58563.0	99.05
59321.0	58706.0	99.05
59470.0	58864.0	99.05
59587.0	58990.0	99.06
59683.0	59092.0	99.06
59890.0	59242.0	99.06
60095.0	59472.0	99.07
60285.0	59657.0	99.07
60475.0	59857.0	99.07
60621.0	60014.0	99.08
60793.0	60173.0	99.08
60971.0	60349.0	99.08
61159.0	60532.0	99.08
61316.0	60710.0	99.09
61457.0	60852.0	99.09
61552.0	60964.0	99.09
61601.0	61031.0	99.09
61647.0	61075.0	99.09
61683.0	61110.0	99.09
61734.0	61153.0	99.09
61784.0	61213.0	99.1
61818.0	61247.0	99.09
61837.0	61275.0	99.1
61853.0	61287.0	99.1
61858.0	61299.0	99.1
61858.0	61299.0	99.1
61860.0	61301.0	99.1
61867.0	61301.0	99.1
61871.0	61301.0	99.1
61873.0	61307.0	99.09
61873.0	61307.0	99.09
61877.0	61307.0	99.09
61879.0	61309.0	99.08
61879.0	61309.0	99.08
61909.0	61332.0	99.08
61918.0	61347.0	99.08
61933.0	61354.0	99.08
61963.0	61383.0	99.08
61986.0	61406.0	99.08
62014.0	61434.0	99.08
62036.0	61458.0	99.08
62049.0	61478.0	99.08
62061.0	61489.0	99.08
62070.0	61498.0	99.08
62088.0	61513.0	99.08
62099.0	61527.0	99.08
62113.0	61535.0	99.08
62143.0	61566.0	99.08
62186.0	61600.0	99.08
62220.0	61640.0	99.08
62249.0	61671.0	99.08
62286.0	61702.0	99.08
62325.0	61742.0	99.08
62353.0	61773.0	99.09
62394.0	61807.0	99.09
62442.0	61855.0	99.09
62502.0	61907.0	99.09
62581.0	61984.0	99.08
62646.0	62056.0	99.09
62687.0	62104.0	99.09
62717.0	62138.0	99.09
62787.0	62193.0	99.09
62857.0	62265.0	99.09
62904.0	62315.0	99.09
62956.0	62368.0	99.09
62990.0	62413.0	99.09
63012.0	62435.0	99.1
63042.0	62458.0	99.1
63077.0	62494.0	99.09
63099.0	62521.0	99.1
63130.0	62555.0	99.1
63151.0	62574.0	99.1
63176.0	62599.0	99.1
63190.0	62613.0	99.1
63192.0	62621.0	99.1
63192.0	62621.0	99.1
63202.0	62625.0	99.1
63219.0	62641.0	99.1
63279.0	62688.0	99.1
63329.0	62740.0	99.1
63368.0	62789.0	99.1
63400.0	62821.0	99.1
63440.0	62854.0	99.1
63486.0	62898.0	99.1
63509.0	62930.0	99.1
63516.0	62943.0	99.1
63516.0	62943.0	99.1
63531.0	62947.0	99.1
63580.0	62989.0	99.1
63624.0	63037.0	99.1
63657.0	63069.0	99.1
63699.0	63111.0	99.1
63735.0	63149.0	99.1
63772.0	63180.0	99.1
63818.0	63234.0	99.1
63849.0	63261.0	99.1
63889.0	63301.0	99.1
63948.0	63354.0	99.1
63998.0	63410.0	99.1
64037.0	63451.0	99.11
64088.0	63499.0	99.1
64144.0	63553.0	99.1
64200.0	63611.0	99.11
64254.0	63654.0	99.1
64366.0	63758.0	99.11
64453.0	63853.0	99.11
64527.0	63927.0	99.11
64613.0	64015.0	99.11
64683.0	64088.0	99.11
64750.0	64153.0	99.11
64805.0	64212.0	99.12
64855.0	64270.0	99.11
64902.0	64314.0	99.12
64941.0	64364.0	99.12
64952.0	64374.0	99.12
64965.0	64385.0	99.12
64973.0	64399.0	99.12
64987.0	64409.0	99.12
64998.0	64420.0	99.12
65006.0	64432.0	99.12
65006.0	64432.0	99.12
65006.0	64432.0	99.12
65023.0	64440.0	99.11
65029.0	64451.0	99.11
65029.0	64451.0	99.11
65032.0	64454.0	99.11
65032.0	64454.0	99.11
65034.0	64454.0	99.11
65042.0	64458.0	99.11
65042.0	64458.0	99.11
65069.0	64468.0	99.1
65090.0	64503.0	99.1
65103.0	64515.0	99.1
65103.0	64519.0	99.1
65103.0	64519.0	99.1
65103.0	64519.0	99.1
65113.0	64519.0	99.1
65142.0	64538.0	99.1
65197.0	64584.0	99.09
65256.0	64651.0	99.1
65307.0	64702.0	99.1
65349.0	64747.0	99.1
65407.0	64796.0	99.1
65473.0	64862.0	99.1
65565.0	64938.0	99.1
65701.0	65068.0	99.1
65815.0	65189.0	99.1
65922.0	65298.0	99.1
65998.0	65385.0	99.11
66149.0	65507.0	99.11
66308.0	65668.0	99.11
66458.0	65810.0	99.11
66589.0	65959.0	99.11
66766.0	66105.0	99.12
66985.0	66317.0	99.12
67174.0	66534.0	99.12
67313.0	66667.0	99.12
67454.0	66824.0	99.12
67580.0	66948.0	99.12
67678.0	67055.0	99.13
67757.0	67144.0	99.13
67862.0	67248.0	99.13
67953.0	67329.0	99.13
68025.0	67414.0	99.13
68123.0	67494.0	99.13
68207.0	67596.0	99.13
68275.0	67667.0	99.14
68314.0	67710.0	99.14
68371.0	67760.0	99.14
68420.0	67818.0	99.14
68466.0	67864.0	99.14
68483.0	67890.0	99.14
68484.0	67894.0	99.14
68484.0	67894.0	99.14
68496.0	67899.0	99.13
68496.0	67901.0	99.13
68496.0	67901.0	99.13
68512.0	67917.0	99.13
68512.0	67917.0	99.13
68512.0	67917.0	99.13
68512.0	67917.0	99.13
68512.0	67917.0	99.13
68525.0	67919.0	99.13
68564.0	67955.0	99.13
68597.0	67990.0	99.13
68621.0	68017.0	99.13
68637.0	68039.0	99.13
68648.0	68046.0	99.13
68654.0	68055.0	99.13
68659.0	68060.0	99.13
68664.0	68062.0	99.13
68664.0	68062.0	99.13
68685.0	68073.0	99.12
68741.0	68121.0	99.12
68824.0	68197.0	99.12
68886.0	68266.0	99.12
68917.0	68308.0	99.12
68924.0	68320.0	99.13
68931.0	68321.0	99.13
68931.0	68321.0	99.13
69095.0	68430.0	99.11
69337.0	68641.0	99.12
69569.0	68880.0	99.12
69789.0	69115.0	99.12
69970.0	69306.0	99.13
70131.0	69468.0	99.12
70308.0	69631.0	99.13
70469.0	69812.0	99.13
70663.0	69972.0	99.13
70878.0	70195.0	99.14
71040.0	70374.0	99.13
71164.0	70519.0	99.14
71270.0	70616.0	99.14
71361.0	70729.0	99.14
71430.0	70798.0	99.14
71484.0	70859.0	99.14
71508.0	70891.0	99.15
71533.0	70916.0	99.15
71574.0	70951.0	99.15
71622.0	71002.0	99.15
71652.0	71030.0	99.15
71673.0	71062.0	99.15
71712.0	71090.0	99.15
71749.0	71131.0	99.15
71784.0	71163.0	99.15
71796.0	71186.0	99.15
71796.0	71186.0	99.15
71800.0	71186.0	99.15
71815.0	71198.0	99.15
71822.0	71212.0	99.15
71827.0	71212.0	99.15
71831.0	71212.0	99.15
71831.0	71216.0	99.14
71831.0	71216.0	99.14
71831.0	71216.0	99.14
71831.0	71216.0	99.14
71831.0	71216.0	99.14
71839.0	71221.0	99.14
71877.0	71248.0	99.14
71929.0	71296.0	99.14
71984.0	71350.0	99.14
72023.0	71396.0	99.14
72095.0	71450.0	99.14
72150.0	71517.0	99.14
72209.0	71569.0	99.15
72284.0	71623.0	99.15
72527.0	71824.0	99.14
72761.0	72068.0	99.15
72942.0	72270.0	99.15
73122.0	72427.0	99.15
73316.0	72646.0	99.16
73494.0	72819.0	99.16
73687.0	73003.0	99.15
73880.0	73201.0	99.16
74048.0	73377.0	99.16
74184.0	73532.0	99.17
74301.0	73640.0	99.17
74466.0	73795.0	99.17
74638.0	73969.0	99.17
74781.0	74121.0	99.17
74862.0	74220.0	99.18
74949.0	74303.0	99.18
75066.0	74404.0	99.17
75159.0	74519.0	99.18
75223.0	74586.0	99.18
75264.0	74635.0	99.18
75302.0	74675.0	99.18
75349.0	74714.0	99.18
75413.0	74773.0	99.18
75465.0	74833.0	99.18
75510.0	74879.0	99.18
75553.0	74923.0	99.18
75594.0	74962.0	99.18
75658.0	75021.0	99.18
75727.0	75089.0	99.19
75777.0	75146.0	99.19
75838.0	75203.0	99.19
75887.0	75252.0	99.19
75924.0	75295.0	99.19
75954.0	75326.0	99.19
75992.0	75366.0	99.19
76033.0	75403.0	99.19
76065.0	75437.0	99.19
76128.0	75487.0	99.19
76192.0	75552.0	99.19
76260.0	75615.0	99.19
76330.0	75682.0	99.19
76396.0	75759.0	99.19
76464.0	75824.0	99.19
76500.0	75875.0	99.19
76541.0	75905.0	99.19
76624.0	75973.0	99.19
76770.0	76082.0	99.2
77040.0	76322.0	99.2
77297.0	76595.0	99.19
77492.0	76805.0	99.2
77665.0	76997.0	99.2
77810.0	77147.0	99.2
77888.0	77251.0	99.21
78042.0	77352.0	99.21
78274.0	77579.0	99.21
78468.0	77782.0	99.21
78664.0	77988.0	99.21
78830.0	78162.0	99.21
78873.0	78255.0	99.22
