resnet-50 2 10 1 60.000000
resnet-50 2 10 2 72.000000
resnet-50 2 10 4 112.500000
resnet-50 2 10 8 22568.500000
resnet-50 2 10 16 26933.000000
resnet-50 2 10 32 27897.500000
resnet-50 2 20 1 55.000000
resnet-50 2 20 2 69.000000
resnet-50 2 20 4 92.750000
resnet-50 2 20 8 23046.330000
resnet-50 2 20 16 26413.000000
resnet-50 2 20 32 27651.670000
resnet-50 2 30 1 50.000000
resnet-50 2 30 2 64.000000
resnet-50 2 30 4 87.000000
resnet-50 2 30 8 23055.710000
resnet-50 2 30 16 26263.140000
resnet-50 2 30 32 27361.140000
resnet-50 2 40 1 50.000000
resnet-50 2 40 2 59.000000
resnet-50 2 40 4 81.000000
resnet-50 2 40 8 17662.000000
resnet-50 2 40 16 26187.670000
resnet-50 2 40 32 27258.750000
resnet-50 2 50 1 52.000000
resnet-50 2 50 2 51.000000
resnet-50 2 50 4 79.000000
resnet-50 2 50 8 18886.250000
resnet-50 2 50 16 26165.290000
resnet-50 2 50 32 27287.140000
resnet-50 4 10 4 98.750000
resnet-50 4 10 8 164.000000
resnet-50 4 10 16 22447.900000
resnet-50 4 10 32 27328.000000
resnet-50 4 20 4 88.000000
resnet-50 4 20 8 138.000000
resnet-50 4 20 16 21771.470000
resnet-50 4 20 32 26852.750000
resnet-50 4 30 4 74.250000
resnet-50 4 30 8 115.000000
resnet-50 4 30 16 21876.100000
resnet-50 4 30 32 26486.500000
resnet-50 4 40 4 73.250000
resnet-50 4 40 8 158.000000
resnet-50 4 40 16 21629.930000
resnet-50 4 40 32 26506.000000
resnet-50 4 50 4 72.000000
resnet-50 4 50 8 115.630000
resnet-50 4 50 16 21434.900000
resnet-50 4 50 32 26431.000000
resnet-50 8 10 8 158.130000
resnet-50 8 10 16 217.560000
resnet-50 8 10 32 21057.000000
resnet-50 8 20 8 133.880000
resnet-50 8 20 16 206.500000
resnet-50 8 20 32 21379.230000
resnet-50 8 30 8 122.000000
resnet-50 8 30 16 215.000000
resnet-50 8 30 32 21097.640000
resnet-50 8 40 8 119.000000
resnet-50 8 40 16 174.750000
resnet-50 8 40 32 21011.820000
resnet-50 8 50 8 114.880000
resnet-50 8 50 16 168.440000
resnet-50 8 50 32 20980.500000
resnet-50 16 10 16 269.690000
resnet-50 16 10 32 411.840000
resnet-50 16 20 16 220.000000
resnet-50 16 20 32 356.940000
resnet-50 16 30 16 186.560000
resnet-50 16 30 32 331.380000
resnet-50 16 40 16 176.500000
resnet-50 16 40 32 305.720000
resnet-50 16 50 16 174.630000
resnet-50 16 50 32 304.910000
resnet-50 2 0 1 152.000000
resnet-50 2 0 2 230.000000
resnet-50 2 0 4 403.000000
resnet-50 2 0 8 15168.430000
resnet-50 2 0 16 27204.860000
resnet-50 2 0 32 28349.140000
resnet-50 4 0 4 276.000000
resnet-50 4 0 8 484.000000
resnet-50 4 0 16 16462.600000
resnet-50 4 0 32 22805.870000
resnet-50 8 0 8 317.000000
resnet-50 8 0 16 581.190000
resnet-50 8 0 32 16906.860000
resnet-50 12 0 16 505.810000
resnet-50 12 0 32 956.500000
resnet-50 16 0 16 423.000000
resnet-50 16 0 32 867.380000
