ssd 2 10 1 140.43 
ssd 2 10 2 189.57 
ssd 2 10 4 296.54
ssd 2 10 8 9999
ssd 2 10 16 9999
ssd 2 20 1 128.87 
ssd 2 20 2 180.13
ssd 2 20 4 292.61
ssd 2 20 8 9999
ssd 2 20 16 9999
ssd 2 30 1 133.43 
ssd 2 30 2 174.23 
ssd 2 30 4 276.09 
ssd 2 30 8 9999
ssd 2 30 16 9999
ssd 2 40 1 125.90 
ssd 2 40 2 175.32 
ssd 2 40 4 275.80 
ssd 2 40 8 9999
ssd 2 40 16 9999
ssd 2 50 1 130.90 
ssd 2 50 2 172.98 
ssd 2 50 4 268.79 
ssd 2 50 8 9999
ssd 2 50 16 9999
ssd 4 10 1 144.97 
ssd 4 10 2 173.77 
ssd 4 10 4 262.02 
ssd 4 10 8 442.24 
ssd 4 10 16 9999
ssd 4 20 1 141.03 
ssd 4 20 2 158.45 
ssd 4 20 4 248.51 
ssd 4 20 8 407.33 
ssd 4 20 16 9999
ssd 4 30 1 141.67 
ssd 4 30 2 162.75 
ssd 4 30 4 241.20 
ssd 4 30 8 400.66 
ssd 4 30 16 9999
ssd 4 40 1 138.70 
ssd 4 40 2 163.03 
ssd 4 40 4 239.27 
ssd 4 40 8 405.19 
ssd 4 40 16 9999
ssd 4 50 1 138.63
ssd 4 50 2 156.95
ssd 4 50 4 239.52 
ssd 4 50 8 394.18 
ssd 4 50 16 9999
ssd 8 10 1 156.57
ssd 8 10 2 221.12
ssd 8 10 4 354.63 
ssd 8 10 8 508.56
ssd 8 10 16 893.67
ssd 8 20 1 155.10 
ssd 8 20 2 211.66 
ssd 8 20 4 333.16 
ssd 8 20 8 518.55 
ssd 8 20 16 892.49
ssd 8 30 1 153.17 
ssd 8 30 2 213.88 
ssd 8 30 4 326.61 
ssd 8 30 8 528.03 
ssd 8 30 16 887.77 
ssd 8 40 1 157.93 
ssd 8 40 2 203.95 
ssd 8 40 4 324.60 
ssd 8 40 8 544.79 
ssd 8 40 16 908.16 
ssd 8 50 1 156.70 
ssd 8 50 2 207.84 
ssd 8 50 4 334.23 
ssd 8 50 8 556.42 
ssd 8 50 16 949.82
ssd 2 0 1 188 
ssd 2 0 2 283.00 
ssd 2 0 4 487.22 
ssd 2 0 8 9999
ssd 2 0 16 9999
ssd 4 0 1 163.60 
ssd 4 0 2 209.22 
ssd 4 0 4 308.45 
ssd 4 0 8 558.18
ssd 4 0 16 9999
ssd 8 0 1 162.00
ssd 8 0 2 174.22 
ssd 8 0 4 235.73
ssd 8 0 8 398.66
ssd 8 0 16 721.73
ssd 16 0 1 157.93
ssd 16 0 2 165.77
ssd 16 0 4 209.83
ssd 16 0 8 326.00
ssd 16 0 16 574.39
