textcnn-69 2 10 1 3.000000
textcnn-69 2 10 2 3.000000
textcnn-69 2 10 4 4.000000
textcnn-69 2 10 8 18570.290000
textcnn-69 2 10 16 25103.000000
textcnn-69 2 10 32 26119.710000
textcnn-69 2 20 1 3.000000
textcnn-69 2 20 2 3.000000
textcnn-69 2 20 4 4.000000
textcnn-69 2 20 8 19720.290000
textcnn-69 2 20 16 25046.290000
textcnn-69 2 20 32 26040.710000
textcnn-69 2 30 1 4.000000
textcnn-69 2 30 2 3.000000
textcnn-69 2 30 4 3.500000
textcnn-69 2 30 8 18572.000000
textcnn-69 2 30 16 24997.000000
textcnn-69 2 30 32 26019.140000
textcnn-69 2 40 1 3.000000
textcnn-69 2 40 2 3.000000
textcnn-69 2 40 4 3.000000
textcnn-69 2 40 8 18572.000000
textcnn-69 2 40 16 25003.670000
textcnn-69 2 40 32 26030.710000
textcnn-69 2 50 1 3.000000
textcnn-69 2 50 2 3.000000
textcnn-69 2 50 4 4.000000
textcnn-69 2 50 8 13565.430000
textcnn-69 2 50 16 25013.710000
textcnn-69 2 50 32 26021.860000
textcnn-69 4 10 4 4.000000
textcnn-69 4 10 8 4.380000
textcnn-69 4 10 16 16370.730000
textcnn-69 4 10 32 25195.130000
textcnn-69 4 20 4 3.500000
textcnn-69 4 20 8 4.000000
textcnn-69 4 20 16 16669.270000
textcnn-69 4 20 32 25115.530000
textcnn-69 4 30 4 3.000000
textcnn-69 4 30 8 4.000000
textcnn-69 4 30 16 18999.500000
textcnn-69 4 30 32 25066.730000
textcnn-69 4 40 4 3.000000
textcnn-69 4 40 8 4.000000
textcnn-69 4 40 16 16256.500000
textcnn-69 4 40 32 25056.800000
textcnn-69 4 50 4 3.000000
textcnn-69 4 50 8 4.000000
textcnn-69 4 50 16 16670.000000
textcnn-69 4 50 32 25040.070000
textcnn-69 8 10 8 4.750000
textcnn-69 8 10 16 6.630000
textcnn-69 8 10 32 15814.740000
textcnn-69 8 20 8 4.000000
textcnn-69 8 20 16 4.750000
textcnn-69 8 20 32 15502.000000
textcnn-69 8 30 8 4.000000
textcnn-69 8 30 16 4.940000
textcnn-69 8 30 32 19095.540000
textcnn-69 8 40 8 4.750000
textcnn-69 8 40 16 4.810000
textcnn-69 8 40 32 19010.080000
textcnn-69 8 50 8 3.000000
textcnn-69 8 50 16 5.000000
textcnn-69 8 50 32 19169.420000
textcnn-69 16 10 16 6.440000
textcnn-69 16 10 32 9.000000
textcnn-69 16 20 16 5.810000
textcnn-69 16 20 32 9.030000
textcnn-69 16 30 16 5.000000
textcnn-69 16 30 32 10.630000
textcnn-69 16 40 16 5.190000
textcnn-69 16 40 32 7.000000
textcnn-69 16 50 16 5.000000
textcnn-69 16 50 32 6.590000
textcnn-69 2 0 1 3.000000
textcnn-69 2 0 2 4.000000
textcnn-69 2 0 4 4.250000
textcnn-69 2 0 8 8563.430000
textcnn-69 2 0 16 20012.290000
textcnn-69 2 0 32 25009.290000
textcnn-69 4 0 4 3.000000
textcnn-69 4 0 8 5.000000
textcnn-69 4 0 16 6662.070000
textcnn-69 4 0 32 20009.470000
textcnn-69 8 0 8 4.000000
textcnn-69 8 0 16 6.000000
textcnn-69 8 0 32 5935.810000
textcnn-69 12 0 16 6.560000
textcnn-69 12 0 32 8.630000
textcnn-69 16 0 16 5.190000
textcnn-69 16 0 32 7.810000
