0.0
1296.0
381.0
345.0
327.0
366.0
441.0
1434.67
2555.5
3035.0
0.0
4439.0
0.0
6281.33
5959.67
6514.67
7575.0
6714.0
9774.0
10481.5
0.0
9530.0
9319.33
9397.0
14959.67
7896.0
11281.67
8436.0
10265.0
6241.0
7513.0
8983.0
8848.0
14120.67
11721.67
7044.5
15852.0
9661.67
8112.0
13145.0
13467.0
8364.0
10619.67
7865.0
10579.0
9815.0
9539.0
9539.0
11302.8
13422.5
10641.0
14966.0
7027.0
14261.0
8738.0
8438.0
12097.67
10238.0
5174.0
9253.0
12872.0
0.0
7285.5
0.0
9345.0
6817.0
9074.67
7441.0
17580.0
11726.0
9799.0
15590.33
9917.5
14129.0
12492.5
21196.5
10931.0
9351.5
10491.0
9028.25
10887.38
11547.27
12054.06
12054.06
11072.64
8703.59
8607.69
9404.16
8569.08
8734.43
9312.59
8683.42
8317.35
8599.17
8489.74
8956.85
9212.4
8973.35
8713.78
8414.99
9491.51
9029.59
8727.43
8657.39
8765.04
8856.19
8986.03
8823.37
8347.92
8617.77
9181.45
8861.6
8617.79
8742.65
8773.18
8671.47
8273.14
8808.18
8909.85
8982.57
9049.96
8693.19
8325.24
8998.25
9072.31
9326.57
8486.15
8995.66
9025.91
8745.58
9075.19
8234.69
8580.45
9025.82
8374.44
8389.51
8731.77
8940.73
8817.87
8908.03
8350.34
8508.37
8792.28
8617.22
8677.39
8528.55
8766.12
9046.94
8823.98
8560.71
8625.64
8520.1
8705.81
8846.84
9131.43
8949.45
8345.5
8941.99
8897.26
8525.84
8759.42
9144.57
8705.45
8500.36
8910.31
8945.83
8654.23
8580.18
9258.15
8872.89
8678.31
8492.31
8631.93
9009.37
9080.0
8699.96
8629.45
8589.63
8876.02
8864.27
8788.95
8837.8
8837.8
8648.83
8372.95
8877.18
8530.62
8538.82
9086.63
8665.08
8921.02
9247.42
8711.37
8862.45
8708.78
8468.81
8982.0
8562.84
8404.72
8177.78
8636.29
8547.02
9270.02
8258.88
8563.83
8663.19
8528.42
8695.28
9229.89
8413.36
8472.77
9315.53
8890.37
8774.8
8790.75
8892.66
8482.74
8831.29
8916.52
8983.16
8597.84
9083.32
9231.37
8505.25
9338.15
9044.86
8858.48
9101.8
8470.52
8531.54
8573.14
8496.18
8463.98
8015.23
8850.67
8478.09
8894.52
9106.13
8861.86
8861.69
8432.38
8865.63
8454.97
8963.11
8983.18
8891.24
8445.41
8493.22
8341.63
9284.23
8660.32
8630.79
8161.09
8515.61
8539.13
8683.59
8600.5
8857.08
9156.76
8674.76
9323.4
8757.27
8639.28
8725.19
8553.22
8507.51
8355.47
8316.86
8854.89
8775.9
8519.25
8755.66
8884.01
8703.5
8647.25
9252.44
8791.03
8811.6
9058.66
8617.1
8908.38
9360.02
9211.5
8738.53
9074.13
9028.85
8258.76
8850.06
9473.71
8602.66
8442.82
8306.86
8717.07
8466.68
8607.32
8921.13
8651.13
9176.67
8335.39
8159.49
8451.56
8927.09
8868.3
9103.66
9074.32
9234.72
8896.33
8453.09
8676.97
9036.18
8973.5
8664.76
8995.91
8606.87
8559.04
8985.07
8474.78
8789.2
9077.66
8715.44
8840.38
8868.08
8732.06
9413.07
8444.72
9005.76
8837.47
8816.72
8864.02
8877.31
8947.1
8554.3
8822.72
8751.19
9208.47
8584.5
8502.63
8493.82
8764.43
8456.7
8903.07
8237.42
8906.53
8692.11
9209.71
8988.64
8949.29
8368.61
8808.03
8338.83
8639.34
8263.29
8956.44
8448.62
8512.94
8961.52
9048.77
8934.07
8652.06
8552.47
8492.03
8727.21
9089.25
8529.83
8895.72
9167.33
8678.3
8517.61
8454.12
8996.19
8943.48
8468.96
8844.56
8397.13
9026.37
8761.02
8697.97
8802.97
8963.24
8785.16
8791.28
8791.74
8523.13
8911.77
8037.96
8359.34
8887.6
8601.13
8793.76
8605.71
8583.43
8581.15
8974.84
8433.96
8491.94
8599.86
9041.64
8654.11
9166.35
8922.85
8742.86
8343.88
8601.94
8499.8
8445.76
8539.21
8748.4
8788.65
8544.13
8828.18
8599.28
8414.67
9269.06
8746.47
9035.36
8937.84
8755.57
8949.61
8845.95
9111.55
8940.36
8879.93
8793.46
9018.04
8885.62
8908.19
8847.58
8413.5
8914.12
8547.47
9032.5
8471.24
8433.74
8873.28
8600.0
8739.0
8818.0
9138.63
9047.35
8558.42
8746.96
8798.99
8128.28
8653.66
9224.1
8981.88
9306.74
8924.08
9028.36
9016.54
8799.95
8546.73
8929.57
8766.66
8557.88
9083.36
8565.69
8878.08
8659.74
8751.82
9463.3
8808.14
8450.56
9867.97
8958.88
9204.95
8495.07
9385.49
8692.01
9116.58
8545.06
8735.29
8967.89
8435.21
8970.58
8612.22
8298.56
8668.05
8805.59
8852.28
8580.02
9500.32
8765.19
8550.35
8812.19
8925.54
8553.13
8933.25
8864.98
8399.52
8236.72
9120.42
8323.78
9366.42
8983.16
8643.96
8434.46
7825.79
8911.45
8851.44
9404.84
9183.02
9183.02
8563.2
8429.35
8897.81
8946.0
9190.45
8726.21
8755.63
8969.78
8970.33
9067.72
8761.44
8564.89
8713.16
8763.52
8972.02
8946.39
8866.53
8455.03
8909.66
8855.75
8608.97
8649.5
8280.84
9131.21
9121.13
9013.64
8783.41
9320.01
8899.5
8854.07
8924.26
8737.43
8756.39
8340.99
9095.91
8465.6
8540.06
8389.27
8544.77
8526.1
9011.36
8565.06
8858.37
8684.94
8808.46
8804.82
8905.31
8923.7
9144.03
8339.35
8922.55
8197.9
8165.41
8528.55
9320.46
8816.13
9139.06
8565.48
8693.73
8865.17
8211.43
9345.02
8859.38
8598.58
8494.63
8790.86
9234.0
9111.97
8428.88
8627.63
9017.29
8692.24
8775.03
9019.79
8707.14
9232.57
8704.38
8724.39
8880.29
9044.77
9227.96
8461.7
9103.22
8639.49
8716.67
8505.78
8846.77
8971.16
8778.86
8936.05
8433.21
8821.41
8985.63
8582.8
8711.85
8537.56
8731.82
8558.16
9535.96
8650.48
8854.64
8547.18
8491.01
8912.36
8429.75
8607.89
9130.68
8586.46
8437.15
8381.38
9120.1
8699.57
8864.82
8852.45
8631.71
9064.31
8474.63
8489.14
8800.23
8800.23
8951.86
8519.88
9289.8
9172.33
9429.18
9117.57
9127.9
8987.03
9024.68
8081.29
9009.29
8835.39
9238.69
8122.97
8873.47
8377.91
8343.24
8419.08
8574.87
8987.83
8461.57
9227.11
8385.48
8721.78
9099.16
9413.76
8704.35
9165.5
8779.67
8765.02
8867.99
8731.03
8760.77
8980.8
8755.07
9074.26
8842.13
8722.16
8952.65
8646.7
8757.02
8817.91
9366.05
8669.57
8923.7
9200.09
9111.58
8315.77
8649.37
8859.42
8905.19
9341.87
8612.93
8894.64
8664.54
8180.95
8889.39
8722.62
8488.0
8815.81
8762.25
9220.15
9182.96
8855.83
8587.87
8786.94
8458.82
8482.11
9263.47
9218.92
9438.18
8812.44
8721.95
8793.99
9030.22
8722.57
8782.21
8688.01
8907.41
8951.23
8932.77
9290.49
9129.12
9205.35
9181.33
8787.97
8704.92
9046.9
8806.84
8509.09
8390.81
8784.11
8725.35
8178.9
9031.55
9068.01
8657.29
8831.26
8787.75
9013.81
8831.79
8858.01
7778.47
7778.47
8285.66
8918.26
8772.38
8905.56
8679.73
8924.6
9096.68
8806.72
9074.24
9305.89
8555.47
8826.26
8864.17
8551.73
9507.15
8946.27
8684.77
8751.21
8687.53
8885.32
8324.46
8877.26
8784.22
8872.29
8355.09
9010.58
8747.84
8880.45
9083.64
8819.19
8882.91
8511.31
8773.63
9114.42
8614.44
8714.83
8714.83
8543.02
8894.4
8566.3
9378.65
8724.63
8917.56
8866.59
9411.43
8664.98
8270.38
8777.96
9148.29
8782.05
9298.77
8806.5
8870.92
8242.97
9063.85
8910.24
8889.32
8964.98
8672.44
8226.58
8440.93
9082.32
8965.02
9018.51
8544.23
9208.53
8495.9
9133.22
8781.19
8831.73
8481.73
8101.29
9219.39
8686.33
8779.47
8955.4
8879.19
8879.19
9091.98
8198.37
9389.49
8478.3
8851.49
8933.19
8598.29
9041.88
7935.88
8859.0
9164.38
9504.21
8053.64
8620.17
8419.51
8952.36
8762.78
8632.65
8729.79
9343.64
8432.04
8650.51
9135.2
8714.42
8530.45
8907.15
8913.66
8508.26
8552.04
8717.75
8955.99
8925.34
8622.34
8788.62
8739.72
8761.39
9518.09
8673.21
8612.02
8997.24
8508.07
8992.54
8675.44
8310.77
8635.26
8436.31
8820.17
9167.07
8348.56
9240.5
8562.05
8893.44
9288.52
8344.49
8741.74
9020.08
9324.45
8753.62
9004.3
8530.93
8809.06
8751.19
8436.34
8973.58
8762.46
8882.57
8757.11
8659.13
8901.79
9031.46
8536.89
8921.27
8873.55
8868.65
8058.65
8721.14
8394.96
9557.28
9513.71
8571.29
8871.37
9518.48
8845.57
8933.17
9358.27
9456.57
9050.38
8420.15
9200.72
9249.46
8895.4
9047.52
8778.25
8886.11
9217.48
8826.6
8849.55
8660.53
8733.78
8830.84
8894.75
8413.97
9002.57
9941.09
8772.45
8598.77
8930.06
9158.63
8937.45
9022.86
8662.61
8663.42
9230.39
9289.05
9118.03
8839.71
8717.58
8881.72
8688.83
8780.67
8919.18
9138.5
8756.04
9176.34
9062.93
8898.7
8786.09
8609.48
9144.82
8996.4
8881.44
8642.19
8848.15
8907.04
8540.95
8666.38
9309.81
8583.53
8940.96
8464.41
8833.51
8600.19
9195.22
8592.35
8073.89
8413.06
8950.99
8446.67
8624.44
8650.06
8817.68
8794.83
8976.78
8971.91
9009.36
8480.13
8407.71
8793.47
8715.6
8867.35
8867.35
9067.79
9084.83
8296.66
9326.64
8634.72
8259.95
8843.01
8851.87
8389.93
8134.78
8693.46
8545.5
8681.22
8706.2
8714.0
8736.58
8661.54
8836.69
8685.63
8933.89
8917.29
8628.44
8669.89
8136.87
8561.34
8589.49
8794.32
8797.13
8748.97
8338.82
9159.31
8633.68
8293.55
8708.8
8960.47
8999.01
8689.19
8689.19
8388.85
8491.21
8862.69
8381.25
8907.12
8352.17
8942.63
8536.13
8480.27
8958.08
8487.88
8600.79
8417.3
9052.13
8709.54
8963.67
8365.47
8598.93
8790.49
8790.49
8385.66
8543.18
8672.8
8794.89
8343.79
8748.69
8612.74
8807.17
8753.31
9018.24
9252.88
8376.22
8903.1
8457.21
8426.38
8863.54
8597.39
9010.47
8955.26
8716.08
8733.13
9080.9
8832.18
9003.18
9079.84
8986.53
8356.19
9421.15
8726.29
8932.62
8884.26
8836.4
9001.3
9460.6
9413.25
8849.25
8599.28
8985.03
8760.28
8929.63
8478.46
8784.68
9321.0
8565.26
8137.71
8591.97
9108.43
8707.46
8590.62
8800.82
8799.98
8583.65
8650.93
8781.95
8517.61
8577.13
8664.76
8908.3
9037.45
9258.11
9039.8
8899.98
8476.41
8501.32
9154.38
8536.2
8747.01
8559.35
8735.44
8966.97
8817.8
9120.75
8848.61
8438.8
8525.42
8820.27
8966.13
8598.35
9123.04
8071.87
8849.67
8235.56
8721.33
8751.53
9089.46
8841.09
8636.53
8723.35
8180.2
8719.42
8604.89
9131.16
9000.23
8392.87
8465.62
8268.21
8879.25
8522.54
8801.98
8450.77
8383.5
8518.52
8569.17
8553.96
8966.07
8643.03
8857.3
9401.96
8673.03
9002.02
9029.52
8722.9
8624.09
8691.29
8806.11
9116.71
8244.7
8855.2
9071.57
8876.98
8984.46
8656.56
8943.22
8408.12
8757.76
8500.08
8872.84
8259.05
8243.27
8717.05
8644.02
8992.47
8468.55
9152.91
8827.21
8884.08
8752.04
9130.86
9092.88
8590.64
9063.69
8537.88
9214.98
8899.77
8487.53
8316.29
8866.07
9080.72
8788.83
9057.64
8689.64
8902.04
8721.58
8313.41
8979.49
8892.58
8697.98
8745.04
8488.81
9067.02
8961.6
8634.66
8807.92
8265.86
8941.87
8792.4
8760.29
8567.78
8914.73
8686.4
9102.75
8984.15
8928.99
8509.87
8498.56
8866.89
8615.06
8905.57
8466.38
8590.76
8546.69
9673.4
8893.38
9282.68
8138.89
8613.05
8312.53
8521.09
9238.79
8695.37
9070.13
8740.25
8902.96
8886.67
8457.92
8618.01
8916.9
8651.71
8352.27
8672.79
9100.55
8171.0
8784.34
8580.15
8795.59
9241.85
8622.21
8189.2
8913.27
9067.74
8852.14
8631.85
8249.92
8586.22
9388.55
8634.08
8815.91
8773.07
8668.13
9029.04
9021.26
9223.8
8863.94
8667.69
8446.48
8707.08
8641.66
8661.28
8997.75
8552.59
8351.57
8742.75
8933.01
8632.68
8783.65
8903.19
9163.58
9330.84
8803.91
8462.47
8680.81
8681.59
8741.92
9321.34
8225.16
8411.21
8912.11
9007.85
8378.05
8641.43
8901.36
8594.74
8395.03
8850.0
9036.92
8714.57
8635.25
8716.38
9216.64
8799.2
8516.18
8495.12
9263.58
9216.28
9387.81
8366.72
8555.18
8860.11
8396.88
8958.22
8608.96
9540.47
9008.05
9228.95
8820.12
8078.37
8433.16
8244.31
8526.44
8975.77
8656.27
8961.4
8971.44
8790.0
8893.93
8684.69
8833.19
8414.53
8550.56
8376.43
8441.63
8563.44
8931.59
8984.17
8710.23
8721.06
8850.3
8561.91
9134.57
8914.37
9165.09
8606.38
8630.04
8682.75
9035.92
8780.03
8844.73
8555.54
9119.12
9423.0
8765.89
8610.11
8795.25
8555.96
8998.84
8995.36
8818.96
8635.64
8429.74
8852.11
8872.5
9140.03
8560.97
8797.87
8497.21
8656.04
8774.75
9142.25
8897.24
8337.88
8526.89
8683.18
9425.79
8499.38
8394.37
9315.88
8754.66
8374.62
8504.4
8332.16
8418.25
8664.87
8538.25
8737.52
8267.01
8932.23
8706.02
8639.61
8949.25
8577.62
8503.36
8329.49
8973.88
8585.51
8816.81
9265.04
8709.26
8871.46
9117.73
8533.7
8624.59
9377.91
8379.83
8863.8
8610.78
9310.42
8633.53
8926.39
8718.52
8714.03
8635.02
8628.96
8505.0
8423.55
9010.8
9564.82
8092.19
8466.81
8927.6
8396.84
8764.85
8962.45
8687.9
8709.58
8729.86
8691.02
8494.0
9262.4
8658.71
8674.8
8369.93
9281.5
8616.58
8454.18
8556.88
9233.6
9009.13
9191.44
9477.53
9040.0
8100.52
8498.3
8524.68
9086.32
8254.46
8612.75
9280.9
8546.59
9182.2
8463.14
8467.29
8987.5
8865.81
8768.86
8527.31
9317.44
8913.84
8770.98
8138.03
8138.03
8260.69
9166.97
8654.54
8711.7
8236.63
8484.46
9311.56
8996.16
8809.28
9244.21
8435.47
8233.4
8507.79
8619.36
9081.37
8718.0
8090.32
8764.97
8948.7
8428.07
8779.61
8476.49
8944.73
8465.94
8726.08
9229.6
8990.0
8972.63
8876.92
9083.08
8649.41
8558.85
8790.93
8474.9
8743.97
8663.88
9078.38
8930.42
8902.02
8945.33
8903.24
8546.66
9154.79
8920.22
9051.45
9007.57
8965.46
9306.42
8744.14
9006.58
9133.49
8614.92
9161.1
8522.85
8667.63
8499.23
8744.08
9138.92
8399.2
8729.88
9322.11
8852.32
8854.43
9143.74
8710.2
8498.75
9290.97
9039.86
8820.65
8364.67
9100.11
8544.94
8946.26
8359.92
8732.51
8652.39
9060.7
8110.94
8234.83
9201.56
8762.52
8847.03
8346.53
8879.48
8477.54
9018.44
9020.9
9023.76
9156.29
8505.67
8475.22
8738.75
8680.13
8735.23
8930.38
9169.62
9036.95
8671.86
8536.89
9538.31
8523.9
8763.47
8976.61
8520.38
8734.52
8738.59
8983.23
9131.4
8992.16
8977.58
9012.42
8395.5
8416.8
8618.52
8660.3
9386.96
8591.06
8807.62
8703.07
8566.29
9153.03
9255.74
9122.21
8615.13
8871.16
8687.28
8813.75
8350.94
9168.28
8038.15
9180.98
9033.06
8945.83
9091.89
8321.72
9493.11
8530.72
9047.71
8340.61
9145.03
8358.52
8890.62
8645.58
8760.21
8790.48
8439.71
9186.43
8524.37
8668.43
8780.69
8786.44
8754.95
8927.58
8493.63
9509.95
9160.8
8839.25
8415.65
9105.8
8808.62
8984.18
9062.84
8194.79
8546.11
9046.29
8532.16
9074.65
8487.14
8912.4
7906.93
8794.87
9934.07
8448.46
8882.66
8484.71
8852.15
9470.6
8089.95
8620.65
9242.53
8280.19
8280.19
8638.13
8436.83
8675.81
9181.46
8902.49
8908.01
9390.52
8194.23
8846.75
8832.46
8683.53
9289.86
8713.42
8859.96
9081.77
9040.46
8967.69
8544.81
8483.23
9456.37
9238.5
8838.52
8588.92
8930.37
8504.22
8338.57
9086.21
8262.09
8712.9
9519.37
8873.73
9094.2
8681.09
8398.85
9036.77
9036.77
9210.01
8686.64
8723.83
8817.92
9586.85
8716.49
8325.65
8638.92
9039.01
8659.75
9199.69
9156.19
8821.43
8853.12
9129.62
8925.86
9083.34
8702.79
9152.21
9295.29
8630.82
8330.96
8604.0
8719.68
9078.2
8517.24
8681.16
8850.93
8894.1
8912.08
8767.33
8745.67
8768.23
8424.65
9571.35
8113.15
8523.97
8552.47
8948.5
9196.09
8888.36
8632.88
9245.43
9200.34
9096.16
9004.87
9144.31
8401.76
8735.63
8619.96
8385.43
8850.74
8579.79
9086.9
8636.71
8911.16
8837.83
8975.17
9319.07
9474.43
8985.29
8560.27
8412.44
8866.87
9248.24
8603.41
8991.64
8695.88
8404.75
8334.1
8615.31
8921.53
8897.67
8510.05
8503.16
8436.85
8928.25
9102.55
8465.61
8600.7
8238.33
8456.69
8859.78
8915.88
9037.54
8898.18
8936.08
8831.12
9069.19
8183.7
7933.13
9096.53
8129.68
8596.03
8306.97
8848.64
8745.72
8861.84
8538.75
8420.66
8809.93
8708.78
9117.37
9011.71
8907.18
9532.2
8906.88
8246.03
8680.68
8408.48
8578.28
8965.65
8501.02
8585.24
8903.2
7855.92
8832.89
8784.36
8545.26
8765.93
8731.4
8462.9
8386.45
8387.36
8500.51
8638.74
9019.66
8633.41
8963.16
8759.2
8652.34
8697.22
8538.52
9136.72
8978.22
9247.26
8445.77
8896.84
8198.8
9486.03
8942.04
8515.49
7898.15
7898.15
8900.19
8912.37
8830.09
9189.43
8682.58
8768.24
8825.12
9065.97
9013.42
8666.54
9242.74
9128.95
8791.09
8940.11
8693.83
8789.17
8997.63
9078.57
8628.11
8685.05
8795.75
8773.25
9120.1
8652.2
8572.01
8353.56
8652.68
8637.52
8602.18
8864.37
8794.72
8379.44
8379.44
8510.07
9239.22
8495.34
8995.21
9258.74
8508.09
8661.92
9263.21
8339.45
8673.85
8420.21
8649.36
9009.17
8310.68
8415.55
8779.61
8857.09
8820.29
8713.88
8682.61
8759.32
8906.15
8433.27
8510.8
7960.57
8802.5
9456.54
8581.17
8584.36
8566.05
8900.99
8912.48
8742.62
8818.64
8626.9
8336.58
8336.58
8662.85
9216.84
8482.27
8881.33
8619.06
8512.31
8586.62
8911.91
8478.16
8773.59
8909.92
9246.32
8524.43
8956.38
8890.73
9109.89
9262.13
8488.24
8739.94
8310.12
8507.7
8865.42
8413.23
8288.54
9176.77
9265.15
8151.41
9059.82
8605.28
8762.03
8599.63
9201.24
8511.88
8522.93
8604.38
8507.06
9526.23
9015.96
9097.13
8626.4
8721.11
9226.47
8960.73
8846.74
8427.54
8319.31
8710.06
9053.14
8429.79
8664.03
8204.58
9014.32
8672.94
8970.74
8946.0
8826.0
8545.99
8600.02
8590.45
8929.11
8661.04
8162.05
8634.47
9013.12
8776.12
9174.64
8997.05
8479.37
8549.61
8267.22
8228.07
8342.6
8618.35
8659.65
8223.67
9003.36
8337.84
9000.06
9167.76
8218.36
8250.03
9219.53
9270.47
8196.5
9077.51
8774.03
8734.36
8724.02
8451.52
8809.52
8282.2
9219.09
8525.0
9210.91
7951.32
8517.13
9490.18
9113.69
8334.58
8406.45
9245.49
8782.06
8725.97
8630.54
8780.96
8935.29
8977.29
8669.41
9190.01
8656.26
8656.26
9116.73
9057.19
8477.85
8728.55
8744.51
9178.83
8744.68
9396.06
9231.5
8485.57
8085.83
8751.24
8726.09
9187.66
8513.74
8932.57
8709.51
9351.4
8537.58
8347.78
8603.07
8649.31
8983.9
8572.91
8605.78
9074.16
8489.96
7928.59
8745.73
8554.88
8154.58
8652.17
8921.53
8547.43
8778.83
8695.1
8905.83
8839.71
9070.69
8742.79
8508.45
8808.2
9292.95
9059.68
8865.25
8982.6
8533.56
9374.33
8472.35
8711.58
8738.71
8639.58
8868.22
8669.73
8868.84
9287.01
8253.69
8652.96
9228.39
8033.76
9204.46
9397.15
8332.27
8984.01
8396.62
9261.38
8403.64
8823.64
8919.69
8764.89
9372.92
8292.12
9344.02
8639.95
8629.05
8698.26
8250.8
8958.9
8958.89
8823.97
8835.16
9525.89
8571.53
8439.42
9222.84
8412.05
8819.76
8952.29
9196.15
9367.66
8909.99
9101.33
8993.35
8260.6
8911.61
9810.42
8768.38
8369.19
9042.8
9346.42
8851.44
8594.85
9121.27
8845.92
8499.3
8735.63
8776.1
8773.34
8430.08
8511.6
8732.49
8766.47
8755.66
8365.03
8743.83
9088.27
8568.7
9382.28
8549.79
9241.16
8573.18
8978.3
8416.23
8542.15
8902.25
8406.54
8482.24
8607.82
8551.47
8497.05
8662.29
8596.86
8657.57
8737.14
9688.93
8471.3
8466.61
8932.28
8629.65
9047.19
9100.99
8914.3
8370.38
8835.56
8836.25
8794.51
8667.44
8786.66
8397.28
8379.45
8646.19
8834.06
9292.72
8557.09
8481.08
8886.67
9278.27
8975.97
9722.71
8703.71
8807.4
8709.92
8732.78
8041.64
7744.74
8431.37
8816.39
8724.14
8880.54
8714.73
8988.36
9020.52
8643.28
8926.71
8985.29
8421.02
8798.74
8860.78
8892.78
8982.51
8934.15
8751.34
8635.7
8820.94
9225.57
8720.24
8147.56
9106.31
8896.81
8650.48
9176.81
8761.57
8665.34
9095.51
8783.43
8765.66
9089.72
8641.55
9014.11
8617.65
8895.53
9414.98
8901.41
8352.93
8473.62
8986.22
8651.61
8136.7
9002.66
9062.59
9517.48
7812.83
9135.32
9289.75
8529.23
9090.68
9381.45
8850.84
8583.37
8868.75
8587.71
8781.68
8796.15
8531.53
9096.62
9017.08
9157.8
8967.5
8302.86
8456.38
7691.41
9568.57
9154.46
9346.58
8628.96
9126.56
8974.44
8685.38
8480.38
8730.25
8634.67
8891.12
8347.57
8739.52
8070.08
8427.16
8846.33
8159.59
9176.9
8741.86
8808.66
9118.81
8985.08
9112.55
8931.98
8085.6
8271.21
8404.2
9341.39
8994.12
9301.29
8634.97
8796.92
7917.27
8917.36
8411.84
8425.56
8883.62
8670.84
8898.61
8759.99
8748.28
8767.86
8792.06
8585.83
8500.11
8327.51
8819.98
8863.63
8725.76
9246.88
8715.72
9104.12
8326.23
9050.49
9068.58
9524.93
8546.49
8450.86
8883.53
8438.58
9325.66
9397.37
8288.55
8829.9
9034.13
8842.61
8247.17
8791.33
8270.22
8154.42
9018.48
9020.59
8748.23
8802.63
8709.57
8569.52
8978.2
8077.76
8891.68
9162.99
8845.06
8296.95
9016.46
9270.1
8830.11
8923.35
8402.03
8731.75
8955.82
8508.94
8466.13
8891.12
9113.03
8540.52
8836.78
9041.22
8585.97
8419.08
8477.26
8852.39
8813.11
8802.47
9667.16
8996.18
8878.68
9118.26
8337.57
8800.51
8782.98
8827.64
8321.36
8364.53
8838.56
8407.48
8836.65
8729.18
9049.17
9244.21
8169.82
8945.98
8721.79
9300.61
8677.94
8797.96
9242.18
9192.18
8839.61
8695.14
9018.4
8532.76
8911.95
8437.51
9181.64
8922.7
8284.6
8783.02
8532.12
8389.52
8904.89
8615.97
8841.15
9142.62
8335.86
8886.78
8948.18
8837.37
8837.37
8503.88
8880.89
9354.86
9318.07
8836.74
8825.41
8300.55
8789.7
8527.37
8758.31
8719.83
8501.24
8815.98
9081.82
9457.29
8462.15
9439.46
8425.61
8608.85
8963.67
8773.89
8474.36
9179.64
8732.49
8453.69
8572.45
9459.47
8711.36
8744.64
8368.22
8534.48
8970.81
8832.38
8556.21
8962.41
8989.34
8421.46
8250.24
8536.8
8604.58
9245.13
8483.68
8282.09
9364.24
8852.9
8701.8
9405.58
8883.32
9216.86
8232.32
8220.55
9140.16
9187.81
8859.24
8662.59
9142.21
8373.01
9074.69
9128.54
8454.89
8855.48
8266.88
8429.87
9011.52
8770.27
8185.49
8636.8
8289.65
8488.4
8645.15
8528.69
9041.69
8563.77
8276.17
8870.92
8052.06
8688.24
8912.48
9133.76
8699.04
8473.16
8582.47
8869.73
8575.0
8553.66
9147.7
9048.89
8354.73
8944.51
9364.58
9259.36
8716.96
8833.96
9514.31
9063.65
8136.13
8144.33
9465.33
9437.54
8906.87
8828.57
9006.36
8448.19
8877.47
8026.52
8228.76
8834.77
8816.68
8390.65
8594.97
9047.29
8451.49
9338.9
9242.11
8437.18
9507.01
9024.01
9104.76
8430.64
8700.25
9405.75
8865.81
9305.96
8360.16
9185.96
8733.79
9311.02
8445.46
8375.36
8669.21
8610.42
8750.03
8557.94
8960.43
8823.35
8902.53
8741.03
8383.8
9155.64
8923.34
8893.64
8861.79
8961.25
8731.99
8447.85
8489.34
8611.5
8900.48
8737.36
9257.16
8732.01
8889.19
8387.04
8788.91
9132.88
8466.93
8690.28
9184.0
8603.31
8085.33
8742.46
8458.13
8782.21
8803.25
8572.38
8924.95
8988.3
8915.85
9000.18
9109.04
9108.46
8667.93
8576.66
8701.86
9239.62
8639.02
9062.18
8877.41
9166.26
8975.96
8512.49
8258.14
8737.7
8851.95
8721.5
9344.95
9033.58
9056.8
8794.98
8767.74
8388.68
9227.88
8816.73
8279.8
9145.5
8766.56
8610.02
8595.66
8637.85
8637.85
8743.03
8498.98
8960.27
9018.29
8954.03
8899.79
9070.06
9055.35
9295.05
9077.12
9149.17
8358.96
9178.27
9013.84
8769.2
8691.87
10180.74
8718.89
9175.41
8480.9
8931.34
8868.53
8618.64
8905.46
8786.41
9211.25
8910.68
8618.04
8556.46
9172.28
8317.14
9053.88
8698.6
8782.52
8645.13
8832.93
8820.89
8553.1
8708.3
8826.41
9205.25
8431.55
8971.67
8746.03
8834.99
8964.99
8658.65
8670.37
8320.4
8508.74
8300.11
9439.82
8501.24
8692.48
8869.84
8669.94
8252.41
8252.41
8602.89
8944.16
8601.78
9255.95
8918.62
8919.29
9606.32
8818.5
8299.69
8340.99
8889.42
8965.75
9113.78
8610.21
8698.93
8757.37
8577.67
8643.85
9242.15
8098.92
8970.91
9192.04
9088.15
8787.79
8686.0
9556.23
8502.68
8574.31
9086.83
9191.18
8571.88
9374.75
8553.42
8681.95
9198.05
8417.31
8415.95
9032.32
8753.33
9527.23
9299.39
8187.73
8652.97
8766.77
8598.51
8769.89
8699.8
8370.27
8699.58
8277.64
8767.11
8666.22
8247.48
8853.65
8493.33
8664.82
9162.64
8619.76
8538.35
8760.35
8650.64
9271.91
9134.03
8667.68
8429.55
8814.51
9008.2
8704.31
8568.36
9324.01
8545.43
9068.9
8625.91
8959.67
8472.72
8904.05
9331.19
9282.51
9110.39
8802.76
8897.05
9215.32
8734.01
8663.39
9483.24
8726.26
8457.3
8807.01
8608.82
9037.26
9030.25
8549.05
9032.78
8663.7
8874.3
8846.25
8968.94
8831.11
9040.99
8839.01
8130.85
8729.6
8335.14
9127.36
8877.67
8949.46
8856.23
8680.82
8724.34
8370.93
8554.03
8734.5
9099.86
8641.53
8811.55
9305.86
9070.99
8978.77
8978.77
8394.77
8975.77
8724.3
7999.61
8657.5
8651.61
9739.56
8903.43
8837.65
8785.2
8280.65
8352.56
8477.69
8205.93
8202.07
8500.45
8526.93
9257.36
8656.02
8845.09
9070.94
9196.94
9173.61
9275.52
8556.08
8572.97
8866.7
8896.75
9063.73
8607.95
8290.97
8748.5
9021.76
8408.66
8076.14
9266.35
8683.51
9089.17
8699.28
8616.85
8804.82
8991.63
8478.87
8937.22
8469.55
8519.19
8615.14
8180.95
8590.84
8708.83
8192.33
8996.02
8720.81
8449.39
8653.95
8560.37
8767.07
9054.53
8988.48
8755.78
8904.43
8630.65
8756.93
8827.46
8871.75
8924.43
8608.47
8684.54
8842.81
8813.32
8868.53
9039.67
8750.35
8769.94
9062.19
9051.39
8990.32
8844.86
8880.96
9252.21
8476.07
8214.76
9077.85
8797.61
9342.53
8529.03
8920.15
8863.39
9026.83
8836.07
8839.29
9350.39
9203.56
8318.38
8597.98
8604.02
9584.78
8418.34
9229.42
8614.17
8686.75
8678.77
8512.82
8940.88
7890.55
9351.07
9107.51
8487.06
8256.76
9083.94
8887.67
8603.91
8894.01
10010.85
8985.33
8716.09
9480.56
8848.61
8914.99
8870.98
8974.45
8953.49
8922.14
9093.59
8856.59
8991.77
8802.94
9603.58
8286.67
9527.82
8846.47
9409.29
8920.93
9050.65
9030.28
8724.58
8842.05
8619.02
9679.93
8962.98
8720.56
9349.38
8714.33
8926.94
8678.36
9196.68
8432.71
9061.47
8973.67
9122.6
8986.07
8817.95
8632.58
8959.29
8498.03
8769.25
8650.61
8301.67
9503.7
8668.6
8937.0
8608.96
9109.25
8821.77
8496.92
8619.42
8831.33
9217.75
9259.38
8490.7
8649.75
8939.63
8487.2
8650.73
8649.26
8724.46
9294.97
8731.26
8657.63
8784.46
8548.81
8999.62
8890.46
8638.99
9102.6
8870.18
8155.57
8670.89
8504.97
9420.98
8384.15
8937.76
9570.16
8855.77
9000.7
8536.6
8896.35
9024.61
8771.12
8705.78
8915.39
8807.75
8463.17
9202.2
8571.52
8599.86
8462.19
8748.59
8565.45
9049.7
8426.74
8678.01
9458.55
9103.52
8397.72
8682.17
8808.51
8471.02
9168.59
8671.46
8733.89
8656.25
8648.86
8794.55
8873.92
8829.78
9235.35
8955.06
8430.74
8504.35
9026.91
8698.82
8420.7
8940.51
8829.48
8839.49
8487.09
8821.91
8167.57
8397.35
9045.13
8277.98
8943.98
8310.72
8503.11
8600.0
8362.25
8307.46
9112.8
9030.21
8580.76
8854.33
9180.83
8834.34
8974.87
8569.69
8278.54
9253.34
8757.29
8990.71
8986.98
8766.38
8508.32
9174.09
8323.88
8763.99
8967.63
8728.47
8473.33
8684.29
9456.24
8800.02
9030.01
8615.69
9032.79
8499.88
9134.88
8632.54
9155.97
8789.56
8750.15
8697.36
8677.05
8608.02
8650.63
8969.57
8585.32
9048.79
8657.55
8525.41
9056.87
8579.45
9055.46
9020.06
8559.6
8622.73
7875.31
9139.5
9140.22
9253.51
9353.82
9035.97
8394.65
9047.48
8794.82
9443.33
8588.77
8767.17
8783.85
9116.53
8526.61
8364.14
8894.14
8865.62
8417.76
8788.03
8638.33
8574.61
9023.55
8517.17
8233.9
9078.21
8780.85
9303.63
8549.35
8355.35
8826.79
8358.3
8647.87
8901.51
8871.74
8522.09
8637.71
8932.51
8619.83
8621.1
8549.84
8956.07
9153.81
8988.01
8718.7
8764.46
9046.55
8832.3
8566.81
8599.75
8575.74
8554.6
9081.5
8398.72
8783.85
8521.93
8224.68
9366.57
8412.76
8872.0
8728.95
8788.33
9000.44
8650.55
8324.69
8954.79
9125.13
8769.04
8582.87
8904.39
8930.51
8978.33
8756.6
8859.3
8623.15
8398.72
8723.47
8223.47
8878.53
8612.08
8760.99
9023.44
8197.16
8841.02
8708.13
8437.66
8580.94
9030.78
8336.74
9036.11
8323.33
8523.9
8615.57
9167.91
8954.14
8692.13
8246.49
8228.13
9159.82
8318.16
8580.61
8307.02
9159.43
8982.51
8409.29
8897.06
8266.81
8888.9
8709.3
8694.54
8560.98
8740.71
8336.85
8730.94
8360.43
8468.35
9032.52
8178.82
9038.18
8450.33
9173.86
8808.03
8635.57
8870.19
8943.48
8832.64
8997.55
8982.54
9395.94
9000.27
8723.67
8223.82
8908.14
8328.27
8725.92
9242.34
9166.9
8752.5
8539.28
8499.95
9289.89
8459.0
8978.25
8791.46
8759.17
9130.7
9079.49
8440.82
8599.37
8749.57
9114.79
8646.19
8770.1
8638.29
8413.69
9033.51
8845.92
8828.01
8658.49
8789.8
9085.32
8787.96
8327.06
8532.27
8876.87
8785.49
8187.12
8248.89
8659.12
8692.41
8813.32
9342.62
9209.52
8417.78
8308.43
8673.42
8886.97
9050.23
8658.22
8328.9
8710.74
8509.84
8703.2
8691.3
8973.66
8454.73
8442.38
8920.03
8606.3
9091.0
8992.38
7978.05
9227.57
8952.18
9239.55
8705.36
8618.67
9094.98
9238.31
8701.46
8766.67
8535.95
8729.48
9377.48
8525.85
8978.39
8589.07
8573.0
9674.39
8223.52
8472.84
8877.08
8677.63
9007.83
9096.72
8569.74
8924.92
8670.75
9242.67
8226.08
9778.1
9144.02
8813.82
8396.74
8883.9
8800.53
8451.65
9027.73
8831.37
8831.37
8633.41
8653.34
8479.5
8947.1
9722.48
8171.02
8235.79
8041.44
8439.61
9283.14
9132.42
8795.76
8951.37
8630.7
8855.23
8558.07
8884.73
8813.48
8995.85
8768.58
8789.07
8577.44
9355.72
8874.84
8927.43
8595.38
9160.69
9226.28
8632.03
9267.7
9153.13
8783.11
8408.94
8802.39
8866.57
8709.94
8394.89
8819.57
9214.99
8782.62
9075.8
8017.86
8144.64
8493.84
9201.24
8778.63
8563.75
8273.61
9065.58
8640.4
8371.52
8638.53
9007.63
8485.28
8888.94
8801.47
9308.42
8749.85
8577.47
8543.53
8890.21
8327.61
9079.38
9371.17
8726.4
8904.38
8996.33
8733.03
9036.52
8796.32
9245.55
8461.05
9288.2
9145.43
9011.6
8943.81
8950.68
8424.73
8759.09
8740.8
9001.22
8606.31
9024.16
9197.27
8787.63
8999.97
8417.98
8446.57
8516.44
8925.35
9225.23
8570.18
8708.96
8985.33
8818.21
8369.66
8508.96
8859.44
8586.16
8130.8
9497.94
8713.85
8784.9
8581.34
8737.6
8838.5
8927.51
8616.45
8688.74
8726.98
9557.44
9110.31
9143.2
9140.33
8867.96
8877.73
8860.37
8933.04
8620.97
9407.4
8862.51
8819.62
8431.97
8740.92
8404.85
9113.39
8642.6
8648.29
8807.42
9497.85
9057.02
9029.6
8199.62
8320.27
8868.27
8763.79
8282.36
9069.04
8502.77
9197.46
8814.69
8883.82
8526.47
8677.35
8973.22
8474.68
8842.02
8621.99
8554.54
8467.47
9051.25
9356.49
8274.89
8706.95
9206.79
8775.6
7969.97
8449.6
8400.82
9232.58
8950.68
9146.62
9588.52
8852.18
8726.78
9450.64
8957.82
8131.39
8601.35
8554.37
8520.53
8627.68
8969.73
9065.77
8392.81
8932.6
9738.75
8180.3
8680.36
8631.83
8842.55
8765.36
8684.8
9059.62
9165.31
9107.62
9216.86
8799.46
8956.71
8711.31
8434.16
8523.68
8436.37
8825.26
9345.05
8602.01
8217.27
8224.89
8224.89
8550.17
8291.62
8813.2
8818.37
9057.02
8425.26
8961.36
8700.88
9023.41
8708.17
8806.45
8663.32
9038.74
8712.01
8802.7
8870.66
8399.9
8978.08
9077.53
8557.0
8886.79
9375.72
8400.29
8950.01
9145.18
9287.88
9099.78
8543.14
9328.76
8652.88
8876.62
8646.14
8824.19
8718.3
9009.91
9004.99
9348.22
8653.46
8571.64
8657.92
8811.02
8785.69
8691.1
9601.41
8999.03
8493.83
8380.79
8537.89
9089.53
8696.86
8815.46
8953.11
8751.71
8699.23
9275.9
8869.36
8631.31
8519.17
8975.71
8663.14
8548.25
8722.86
8967.5
8429.37
8512.47
8621.09
9030.97
8309.14
8306.82
8143.84
8901.26
8987.93
8712.63
8346.24
8892.09
9384.01
8697.52
9334.13
8788.23
8155.25
8808.75
8099.41
8841.0
8651.13
8493.22
9302.49
8602.16
9034.78
9207.1
8737.05
9258.54
8440.37
8844.37
8992.04
8878.2
9300.83
8505.96
8838.33
8638.49
9270.14
8839.14
9144.91
8684.14
9482.1
9253.77
8840.79
9209.42
8695.31
8525.53
8667.61
8809.14
9083.95
9015.91
9012.83
8380.04
9328.87
9063.55
8709.99
8431.79
8431.79
9437.47
8442.36
9064.3
8503.54
8774.82
8445.25
9040.99
8564.63
9477.01
9393.71
8143.61
9231.11
8447.77
8629.4
8982.27
8785.75
9048.9
8681.95
8567.98
9076.79
9110.47
9396.43
8282.09
9318.22
8459.57
9471.45
8718.54
8489.92
8480.83
8933.87
9011.25
8553.63
8406.06
9014.2
8849.65
8049.07
8710.54
9117.17
8085.63
9601.3
9242.7
9710.31
8670.07
8208.53
8660.17
9044.42
8949.58
8722.03
8608.98
8829.49
8959.02
9036.11
9525.17
8415.28
9388.57
8685.14
8458.45
8552.74
8448.02
8448.02
8714.93
9173.55
8390.61
8807.55
8405.9
9285.44
8482.15
8643.12
9171.72
9039.82
9177.72
8741.05
8906.87
9275.33
8408.27
9163.82
8435.2
8573.52
9070.61
9070.61
8373.57
9006.53
8892.34
9088.56
8587.75
8688.09
8659.12
8609.42
8667.03
8794.13
9043.1
9250.71
9061.37
9959.33
8379.44
8482.29
8798.31
8188.9
8414.04
8541.11
8881.02
9009.35
9230.06
9455.96
8451.07
8742.67
8361.93
8724.2
8849.52
8788.5
8801.58
8808.75
9618.36
9590.84
8669.3
8820.17
9036.23
8852.7
9724.14
9086.17
8374.53
8854.94
8985.55
8969.04
9248.11
8657.26
8604.14
8966.3
8653.98
8800.62
8384.78
8547.68
8979.89
8702.26
9158.11
8687.14
8711.55
9319.43
8513.73
8945.25
8573.44
9031.74
9087.92
8379.35
8508.65
8689.78
8654.1
8546.47
8525.75
7911.95
9100.54
8485.56
8706.41
8850.92
8789.03
8848.74
8976.39
9180.85
9370.67
9175.3
8539.77
9036.21
8517.65
8677.08
8661.4
8766.96
8634.8
8882.83
8555.15
8787.21
8865.85
8482.4
8598.33
8973.98
8638.93
9119.94
8275.98
8740.73
8608.76
8737.85
9249.49
8369.03
8883.67
8974.73
8345.48
8487.44
8626.42
8997.43
8979.69
8423.86
8616.49
8615.35
8512.67
8673.8
8307.98
8517.77
9241.06
9193.97
8938.42
9019.35
8541.4
8808.03
9387.72
8602.83
8585.63
8768.9
9797.74
8541.38
8758.96
8857.04
8637.54
9006.13
8455.22
8585.92
8737.44
8810.84
8820.5
8890.69
8746.91
8839.8
8804.82
8913.98
8425.79
9153.07
9285.23
9145.72
8762.44
8633.34
9283.01
8553.05
9020.79
8657.25
8678.87
8942.09
8422.96
8896.66
9604.08
8658.12
9238.04
8405.93
8405.93
8462.36
7962.22
8596.84
8649.97
9633.26
8731.5
8761.71
9151.69
8682.18
8077.67
7916.02
8984.71
8489.59
8694.72
8653.98
8805.87
8483.77
8621.6
9337.7
8284.19
8826.92
9152.64
9069.8
9070.11
8975.6
8609.89
9065.82
8541.94
8787.02
8728.57
8351.61
8514.23
8456.68
8827.24
8287.85
8899.19
8377.45
8862.33
9004.08
8223.87
8694.8
7810.21
8793.82
8846.27
8945.37
8378.51
8965.53
8891.39
9248.96
9132.97
8604.5
8930.23
8838.82
8382.5
8850.65
8646.73
8657.75
8317.16
9122.33
8863.94
9470.06
9081.36
8805.88
8510.03
8549.42
8944.76
8852.38
9037.98
8432.32
8984.49
8982.79
8957.29
8769.01
8905.74
9264.61
8374.52
9147.11
8788.79
8670.24
8489.12
8859.42
8953.64
8595.93
8949.41
9369.61
9090.33
8203.7
8261.74
9056.89
9444.03
9128.55
8975.89
8746.27
9264.53
8580.1
8411.28
8695.06
8995.46
8642.3
8642.3
8588.69
8864.02
8563.2
8415.05
8400.07
8869.81
9022.97
8646.79
8555.36
8561.53
8495.87
8721.23
8197.19
8663.08
8387.71
9003.01
8169.22
9259.36
8519.47
8409.11
8389.36
9065.99
8536.76
8725.13
8172.56
9264.44
9425.65
8871.09
9072.77
9049.67
8614.99
8826.48
8486.9
8980.3
9010.88
8694.96
8423.21
8905.17
8970.44
8833.14
8822.02
8861.15
8618.3
8769.18
8727.84
8513.79
8522.93
9056.41
8712.18
8424.07
8565.69
9451.7
8678.22
8930.74
8990.23
8762.19
8499.95
8686.3
8751.57
8758.05
9285.46
9257.0
9439.48
8982.08
8957.07
8439.25
8783.67
8471.06
8633.71
8441.1
8800.42
8666.01
8211.75
9477.79
8641.9
8704.63
8732.65
8672.31
8761.69
8932.33
8660.0
8943.31
8783.31
9582.72
8919.71
8054.33
9436.76
9146.57
8608.63
9215.19
8887.98
8865.5
9109.54
9545.94
8407.57
8619.08
9243.44
9136.52
8990.2
9090.88
8440.07
8738.05
8823.03
8677.28
9013.28
8354.67
8448.09
8278.03
8915.62
8630.13
8857.87
8330.54
8975.42
8866.15
8957.58
9504.13
8550.85
8685.82
8263.13
8827.29
8049.92
8450.52
8953.23
9292.15
8832.12
9466.36
8714.85
8127.55
8776.66
8551.03
9153.87
8908.44
8670.36
8704.28
8684.56
8497.24
8301.44
9110.1
9110.1
8937.81
8951.35
9157.92
8922.77
9021.03
8450.92
8648.42
8606.23
8959.22
8406.02
9179.98
8641.46
8093.15
9181.47
9077.14
8784.25
9129.51
9027.78
9198.12
8728.84
9102.06
9162.82
9111.72
8552.35
8717.7
9067.57
8758.03
8486.59
8929.63
8290.67
8677.53
8914.37
8546.18
8872.41
8783.24
8129.56
8730.86
8745.73
8456.92
9148.14
8670.89
8717.49
9135.81
8727.84
8521.9
8585.74
8818.31
8646.39
8898.31
9055.15
8227.76
8881.09
8814.84
8800.43
8441.26
8882.95
8311.93
8479.35
9155.81
9036.47
9159.97
8223.76
8847.79
9289.16
9139.5
8840.61
9603.12
8640.91
9378.69
9378.69
9034.62
8513.0
8629.56
8605.94
8718.96
8562.72
8782.57
8499.17
8656.07
9021.84
9067.43
8917.67
8790.14
9155.94
8417.47
8759.27
9121.0
9099.36
8464.13
9325.0
9425.94
8981.64
8770.55
8896.32
8358.93
8654.73
9317.15
9262.18
8843.82
8472.09
8977.14
8828.76
9572.98
8534.08
8722.14
8304.46
8821.09
8861.87
8639.26
9123.22
8675.73
8415.63
8546.6
8861.69
9066.05
8266.0
8928.94
9024.26
8581.13
9101.03
8555.21
9230.45
8945.27
8967.58
7474.65
8467.32
8635.25
8773.76
9026.5
8124.63
8437.2
8357.54
9430.42
8478.57
8410.26
8581.11
9190.18
8796.28
8943.56
8219.83
8576.45
8698.28
9178.88
8510.33
8848.45
8038.05
8720.8
8535.53
8759.95
8873.4
8739.5
8774.26
8810.36
9035.89
9315.55
9267.81
8847.26
8932.5
9066.54
9387.72
8847.28
8766.72
8669.46
8893.91
9009.75
8805.87
9070.13
9040.72
9079.66
8927.1
8387.06
8938.98
8916.06
8607.29
9294.09
8738.06
8712.0
8820.01
8861.0
9251.33
8703.2
8833.29
8316.08
8493.09
8776.04
8528.28
8859.86
8836.73
8801.83
8894.42
9474.41
9086.15
8610.63
8336.53
8349.08
9096.88
8936.68
9129.92
8818.66
8747.67
8338.51
8554.11
8557.59
8532.09
9201.01
9140.8
8312.21
8810.44
8952.07
8206.27
8489.2
8780.32
9101.53
9269.53
8624.4
8752.82
8869.82
9121.92
8262.8
8948.08
8784.14
9049.53
9101.06
8891.81
8597.01
9024.43
8355.15
8879.35
9072.15
8476.73
8406.08
8827.67
8355.37
9438.4
8880.96
9184.33
8678.43
9091.34
8329.37
8478.75
8866.75
8782.93
8805.08
9121.04
8972.72
9096.42
8251.87
8664.13
8452.02
8446.48
8899.55
8788.04
8690.01
8429.05
8837.76
8373.5
8479.01
9039.63
8388.69
8735.13
8759.03
8819.37
8777.78
8389.31
8839.41
8583.34
8490.8
8847.37
8863.54
8456.34
8450.24
8705.12
8561.81
8883.28
9217.6
8873.75
9055.68
9132.54
8721.42
8297.39
8803.32
8844.55
8143.7
8522.65
9231.58
9038.12
8519.58
8976.32
8367.05
8806.73
8639.36
8695.97
8837.79
9147.24
8800.46
8818.16
9122.22
8677.08
8905.14
8940.56
9252.16
8717.83
8773.34
8664.0
8351.54
9000.04
8591.12
8460.25
8441.62
8540.48
8782.43
8521.1
8858.72
8593.48
8541.41
8946.37
8200.26
8550.48
9303.34
9013.25
8432.05
8716.78
8627.32
8623.13
8052.82
8817.42
8677.77
8584.31
8657.91
8814.47
8508.83
8870.9
8856.72
8388.86
8761.21
8896.35
9372.47
8775.19
8595.82
8803.13
8521.99
8871.58
8926.34
9047.16
9007.5
8670.44
8940.75
9161.61
8561.1
8884.95
9084.54
8734.74
8922.54
8752.72
8640.65
8588.02
8958.46
8595.01
8512.43
8494.67
8894.62
9183.88
8509.47
8743.39
8483.99
9225.15
8975.09
8597.73
8401.02
8427.35
8570.5
8646.28
8239.51
9390.75
8559.37
8919.62
8978.11
9066.33
8650.83
9146.54
9006.46
8838.3
9151.47
8863.4
8519.58
8014.21
8463.03
8463.03
8649.9
8876.66
9009.86
8743.64
8782.18
8376.29
9161.62
8553.12
9098.74
8476.65
8729.84
8207.68
8634.85
8825.4
8428.75
8747.08
8416.89
8948.24
8292.27
7743.85
8349.01
7579.96
7747.01
8435.49
8925.57
8756.26
8852.27
9082.18
8681.59
8811.22
8753.23
8741.41
8471.12
8471.12
9112.01
9237.63
9002.8
8975.52
9007.87
9130.04
8964.74
8836.84
8712.9
8722.68
8675.65
9203.27
8873.1
8770.82
8200.89
9013.06
8872.8
8527.77
8106.75
8862.93
8787.13
8971.54
9153.81
9123.37
9043.49
8699.85
8866.27
8640.18
8891.91
8441.07
8304.63
9263.52
8955.16
9205.61
9033.05
8822.89
8652.81
8876.25
8357.33
8912.05
8822.65
9367.11
9472.23
8405.01
8845.65
8918.72
8972.34
8830.79
9160.37
8500.42
9054.47
9504.94
9374.72
8912.78
8514.73
8847.44
8411.93
9349.27
9104.24
8574.49
8424.57
9062.3
8756.04
9215.01
8904.85
9185.75
9222.3
8540.45
9188.63
8201.81
8579.69
8967.89
8921.09
8900.0
8404.72
8674.76
8908.04
9106.3
9355.46
9355.46
8763.47
8615.95
8518.18
8593.24
8870.44
8474.1
8676.94
8779.24
9263.04
8662.19
8898.09
8687.72
8629.07
8918.92
8876.8
8782.39
9385.51
8593.6
8675.42
8237.96
8622.11
8127.98
8476.05
9029.39
9017.9
8617.25
8627.86
9039.77
8434.21
9241.38
9494.01
8297.29
8771.8
8679.24
9027.75
8469.1
8916.28
8656.88
8180.04
8585.49
8598.95
8850.53
8827.63
8780.06
9023.93
9049.61
8585.31
8483.78
8160.98
8490.41
8590.65
8869.03
8575.27
8948.76
8774.76
8605.23
8781.32
8436.78
8737.66
8947.63
9142.74
8863.92
8829.85
9272.82
8863.34
8482.0
8738.02
9036.99
8597.86
8517.69
8783.88
8507.02
8443.82
8735.76
8480.12
9225.98
9028.14
9064.39
8982.93
8492.04
9084.68
8346.4
9181.41
8857.44
8910.14
8349.71
9023.52
8520.79
8569.59
8364.97
9216.97
8873.61
8845.45
8766.49
8347.51
8660.45
8899.08
9040.39
8727.84
8548.81
8676.06
8287.09
9075.77
8825.26
8708.25
9369.78
8429.51
8846.48
8257.67
9050.03
8822.32
8960.17
8811.63
8368.92
9224.3
8683.04
8734.6
8255.14
8716.18
8354.35
8524.83
8995.12
8540.51
8613.22
8776.47
9165.82
8902.39
9174.98
8578.5
8663.97
8734.11
8821.33
8352.72
8082.42
8718.09
8673.28
8754.28
8596.75
7882.31
9227.85
9195.45
8662.87
9228.03
8481.15
8707.72
8783.67
8349.51
8451.53
8110.38
8982.91
8308.34
9433.96
8847.51
8595.06
9168.04
8539.91
9044.49
9016.74
8617.89
8778.47
8590.07
8289.12
9073.53
8861.88
9468.73
8418.44
8761.28
8375.17
8752.16
8588.34
8592.58
8693.24
8721.07
9079.72
8636.28
8670.71
8635.16
8901.78
8771.38
8901.35
8428.17
8843.97
9170.42
8853.54
9360.0
9073.96
9070.82
8633.77
8736.85
8516.86
9173.48
8380.47
8674.62
8958.39
8315.33
8426.63
9296.03
8565.06
8557.1
8562.95
9037.1
8741.35
9188.03
9129.14
8957.42
8750.01
8598.86
8449.97
8883.96
9178.88
9084.55
8965.96
9278.06
9366.72
8926.51
8934.24
8935.43
8854.57
8692.69
9131.95
8462.99
8713.38
8782.97
8625.81
8513.52
8545.12
8963.39
8328.58
8971.13
8641.54
8491.8
9135.52
8428.42
9514.01
8539.96
8982.11
8895.45
9097.14
9027.71
8659.48
8309.38
8492.96
8691.19
8137.4
8401.27
8963.24
8925.63
8742.7
8731.41
8292.36
9106.35
8329.28
9099.49
9006.14
8425.99
8930.7
8419.77
8677.96
8799.23
8818.16
8589.29
8994.04
9025.05
9154.09
9171.07
8931.0
8556.26
8398.25
8056.74
8996.87
8997.5
9106.38
8887.57
9119.54
8932.16
8956.13
8212.03
8985.05
8060.93
8946.82
8820.56
8827.27
8523.59
9386.07
8871.02
9336.79
8815.58
8891.69
9363.33
8024.32
8831.09
8718.57
8422.92
9205.21
8877.8
8818.85
9009.92
8768.27
8819.5
8503.71
8696.17
8696.17
9138.32
8668.45
8887.29
8597.11
9130.89
8936.16
8927.92
8803.2
8820.47
8748.37
8353.31
8668.85
9411.9
8231.44
8263.57
8996.66
8936.37
8741.1
8765.46
8982.93
8635.79
9068.86
9164.64
8975.48
8859.88
9088.95
9074.45
9340.55
8247.44
8795.47
8366.62
9008.84
8401.85
8420.8
9122.03
8909.24
8583.23
9374.25
9034.58
9091.44
8942.84
9071.41
8449.12
9098.34
8540.23
8789.74
8580.89
8574.97
9342.18
8635.94
8758.44
8539.49
8645.29
9139.75
8389.36
8912.42
9078.92
8534.71
8336.13
8408.28
8339.65
8068.87
9559.89
8905.26
8670.27
8810.78
8987.75
8574.37
8890.03
9137.36
8589.65
9019.74
9081.64
7915.22
8440.93
8700.68
8800.34
8901.65
8982.54
9038.15
8414.8
9601.29
8957.13
9281.77
9027.47
8599.75
8457.17
9052.79
8472.22
9090.91
9470.22
8459.85
8449.84
9076.88
8878.92
8866.38
8168.03
8721.62
9023.2
9049.37
8977.59
8915.52
8813.91
8767.65
8145.47
8428.5
8667.87
9136.01
8778.1
8329.85
8795.21
8843.29
8060.57
8790.1
8457.07
9498.63
8877.83
8964.51
8868.95
9613.52
8593.06
8959.11
8573.34
8648.0
8706.58
8571.16
8565.77
8866.63
8792.48
8750.85
8815.54
8812.25
8574.73
8505.12
8304.35
9095.98
9183.07
8397.76
8973.8
8991.92
8538.2
9171.53
8776.56
9205.15
8912.28
8673.18
8631.82
8851.91
9027.57
9011.16
9264.95
8810.6
8636.66
8959.12
8906.48
8592.88
8531.81
9330.73
9186.5
9377.89
8519.08
8848.46
8819.57
8479.06
8497.26
8542.75
9120.19
8457.71
9222.85
8468.89
8985.0
8736.93
8891.42
9038.89
8433.61
9145.81
8769.36
8705.27
8562.35
8385.59
8843.8
8800.28
8323.98
8939.27
9306.38
8508.71
9718.85
8921.82
9080.96
8815.32
8333.21
9262.49
8169.69
8738.34
8289.62
8466.56
8998.26
8942.63
9045.96
8499.6
8660.26
8977.88
9011.94
8685.7
8962.35
8700.7
8531.21
8277.19
8559.52
8845.4
9260.08
8719.04
9172.87
9150.08
9524.47
8744.58
8719.64
8494.14
9067.86
8976.09
9139.42
9025.82
8959.27
8738.08
9387.64
8515.58
9151.34
8657.26
9293.64
8454.91
8490.03
8687.74
9081.95
8685.52
8168.85
9054.95
8634.26
9055.76
8458.51
9620.47
8520.33
8786.73
7924.96
8722.32
9001.51
8831.88
8264.79
9216.29
8361.34
8602.09
8533.48
8458.07
8263.19
8835.3
8902.41
8853.34
8776.15
9152.78
8947.77
9132.2
9061.17
8799.71
8709.32
9948.56
7859.64
8989.3
9082.97
8899.11
9039.87
9024.3
9448.06
8819.82
8405.22
8375.25
9057.0
8768.09
8729.68
8679.72
8901.78
8667.0
8827.67
8674.02
8687.01
8699.05
8715.81
8646.4
8502.34
8448.25
9311.89
8473.74
9056.39
8895.71
8828.78
8714.82
8999.73
9136.39
8881.82
9251.41
9240.68
8811.6
8454.0
8330.4
8708.78
8390.39
8532.83
8521.62
8656.0
8731.35
8474.06
8698.58
8559.93
9118.39
8308.97
8789.99
9434.09
8887.66
8301.12
8599.36
8720.31
8754.84
8952.05
8740.04
9059.13
8621.08
8995.97
8374.92
8758.28
8528.35
9000.33
9217.2
8359.58
8884.66
8883.78
9225.12
9387.33
8926.04
9348.27
8077.43
8077.43
9114.79
8718.22
8727.78
9480.92
8738.5
8790.46
8656.16
9228.58
8391.01
9327.14
8816.75
8706.85
8774.88
9015.2
8454.31
8120.91
8810.86
8080.26
8625.28
8235.02
9257.86
8766.25
8590.63
8482.62
9019.34
8281.47
7969.67
8810.67
9368.37
8750.64
9022.7
9252.65
9258.96
8768.4
8842.25
8685.86
8964.37
9204.37
8994.88
8631.83
8670.3
8845.79
8749.71
8516.94
8605.98
8784.6
8844.83
9300.76
8719.81
8551.57
8848.77
8340.16
8769.7
8429.11
8850.97
8991.52
8435.38
8617.72
8609.32
8752.53
8570.63
8775.77
8574.73
8114.16
9020.73
9302.09
9527.09
8721.88
8717.7
8732.18
8619.78
9295.11
8662.45
9302.44
8963.9
8618.38
8817.71
8826.72
9116.91
8495.96
8459.17
8678.64
8613.38
9527.29
8185.1
8409.45
8668.72
9227.0
8727.52
8573.44
8818.33
8945.25
8700.42
8605.58
8389.03
9109.05
8541.4
9017.3
9476.47
9610.15
8772.87
8874.05
8877.76
8782.45
8850.51
8851.33
9214.24
8610.64
8762.14
8614.87
8713.72
8758.59
8513.48
9471.57
9134.85
8872.55
9163.24
8571.49
9042.8
8955.8
8608.47
8986.92
8707.43
8990.29
8810.98
8288.43
8659.37
8949.83
8490.1
8507.47
8965.33
8775.31
9008.46
8794.76
8412.92
8938.14
8794.81
8694.59
8662.37
9026.49
9040.58
9312.55
8642.35
8633.9
8900.49
8695.95
8845.75
8769.08
8197.05
8879.17
8767.31
8714.33
9260.8
9070.31
8507.16
8716.99
8670.94
8635.26
8791.63
9413.67
8728.94
9352.26
8464.01
8977.59
8499.27
8952.1
8643.67
8907.25
9369.41
9256.02
9010.45
8837.09
8747.37
9036.97
8669.93
8534.24
8868.75
8756.65
8832.17
8474.59
8981.1
8977.83
9312.52
8516.34
8557.63
8461.97
8923.27
8330.63
8874.35
8809.39
8365.74
8824.27
8303.42
9067.0
8991.25
8821.47
8534.04
9048.03
9051.51
8788.8
9003.31
8757.04
8975.69
9018.57
8705.03
8982.08
9025.97
9117.07
8299.48
8625.81
8757.69
8437.92
9308.71
8284.75
8909.75
8702.81
9200.58
8712.61
9145.06
8878.92
8788.56
9160.48
9322.5
8611.9
8741.91
8842.89
8983.47
8881.95
8435.24
8694.78
8857.14
8771.5
8249.42
8745.32
8538.22
8989.55
9154.78
8957.36
9017.08
9229.22
9032.1
9070.09
8781.47
8935.63
8842.49
8829.93
8745.88
9110.26
9017.94
8975.8
8801.65
8841.34
8591.41
8589.24
9534.95
9003.42
8276.41
8891.3
8570.92
8562.26
9039.44
7933.75
9057.34
8227.77
8534.82
9148.56
8714.01
8897.5
9199.19
8602.89
8328.61
8934.38
8961.84
8570.98
8997.53
9280.38
8013.07
8399.75
8975.07
9138.06
8824.8
8578.93
9394.05
9196.79
8721.33
8497.52
8790.36
9088.24
8893.28
8548.7
8220.81
9033.5
8865.32
8888.04
9024.46
9024.46
8806.41
8889.49
8874.05
8343.92
8792.96
9048.5
9277.06
9068.26
8559.46
9460.8
9143.04
8681.78
8924.13
8872.75
9070.95
8785.25
8756.81
8233.36
9052.7
8451.33
8536.5
8658.37
8644.03
8940.95
9278.36
8751.87
8735.32
8263.08
8784.92
8616.93
8667.92
8352.81
9161.36
9055.39
8248.01
8918.73
8881.73
8788.25
8209.47
9108.65
8481.83
8737.3
8899.5
9060.23
8116.25
8328.13
9098.85
8598.77
8462.41
8729.0
8809.65
9050.51
8573.6
9019.68
9099.11
8484.93
8597.39
8537.91
8863.1
9311.84
8736.43
8499.84
8768.1
8270.19
8880.21
8814.27
9079.46
8855.07
8395.03
9195.07
8590.9
9257.78
8856.44
9410.16
8453.25
8809.93
8682.7
8498.83
8821.19
8370.12
8818.35
9222.22
8761.75
8726.63
9067.4
8918.86
8918.86
8648.41
8412.26
9055.32
8568.83
8902.78
9326.6
8707.89
9116.01
8850.23
8341.45
8936.8
9013.89
8847.25
8463.96
8849.03
8323.93
8580.26
8430.85
8911.11
8680.31
8561.48
8470.46
8381.19
8735.99
9245.09
8927.16
8461.39
8428.07
9000.67
8297.92
9385.92
8731.64
8410.84
9029.05
9077.32
8875.38
9393.3
8805.85
9002.15
9112.69
8639.52
8807.42
8219.47
8290.15
8824.42
9430.97
8923.06
8905.38
8823.78
8799.92
8914.95
8740.2
8606.03
8700.72
8919.32
8552.17
8886.61
8887.32
8994.1
8733.91
9191.0
8559.74
8720.32
8769.06
8961.37
8774.11
8861.57
8507.79
8549.82
8291.95
8810.18
8683.71
8551.53
8807.5
8754.97
8806.9
8480.44
8727.32
9136.09
9136.09
8709.27
8973.96
8760.33
9116.54
8411.74
8300.64
9037.59
8511.17
8855.85
8942.35
8524.52
9419.34
8776.65
8855.71
8725.01
8925.47
8767.51
9165.96
8120.04
8685.88
8015.52
9086.72
8877.58
8487.02
8260.03
8671.54
8770.31
9071.81
9164.57
8977.17
8861.47
8903.25
8981.55
8808.87
8602.88
8667.26
8474.42
8601.28
8354.01
9068.21
9098.21
9200.75
8549.41
8560.86
9014.9
8670.39
8643.04
8514.01
9769.64
8274.67
8542.55
8937.63
8857.34
9353.91
8510.67
9095.18
9125.29
8301.38
9079.45
8786.99
9368.47
8079.8
8834.17
8867.85
8492.84
8665.17
8647.65
8739.34
8924.03
9168.22
8632.66
8860.88
8732.67
8989.29
9922.83
8853.38
8675.01
8559.1
8582.2
8278.43
8278.43
8755.25
8662.21
8654.23
8903.12
8741.17
8369.11
9280.33
8831.95
9119.31
8957.29
8783.93
8735.61
8918.0
8444.3
8650.09
8654.99
8618.69
8706.92
8807.59
8757.91
8878.6
8558.69
8636.92
8889.44
8949.64
9231.32
8791.16
9132.26
8839.47
8418.74
8739.21
8791.49
8795.82
8660.92
9246.0
8541.12
8727.0
9179.92
8838.78
8979.58
8283.8
8528.54
8803.83
8638.37
8701.33
9098.03
8784.17
8832.38
8035.51
8893.89
8996.27
8670.64
8994.2
8144.0
8756.66
8359.13
8765.97
9044.32
8406.25
9319.18
8769.22
9078.78
9053.78
8707.03
9034.05
8913.1
9275.9
8799.87
8837.43
8830.7
8734.34
8743.29
8326.72
8885.5
9385.98
8827.76
9140.15
9504.51
8686.27
9090.43
8521.79
8202.33
8900.17
8428.41
8687.21
8807.98
9635.76
9105.29
9137.24
8660.36
8507.03
8885.68
9041.05
8680.48
8657.47
9052.06
8396.79
8498.95
9295.67
8576.84
8121.21
8041.13
8697.12
9138.82
9210.32
9212.04
8928.69
8744.69
8644.35
9124.5
8753.35
8838.98
9066.31
9335.46
8660.39
9175.32
8396.7
9019.13
8773.98
8664.38
8923.03
8456.96
9064.26
8453.79
8547.34
9176.49
8398.58
8869.52
8192.32
8830.51
8664.73
8706.6
8046.12
9222.8
9012.84
7909.26
9109.27
8884.66
8732.49
8376.5
8888.36
8908.02
9682.92
8706.38
9003.28
8601.33
8630.29
8326.35
9184.94
8718.41
8990.59
9000.63
8927.43
8951.89
9130.84
8967.19
9414.75
9199.81
8630.16
8779.08
8713.56
8927.03
8774.24
8947.2
8874.32
8326.82
9178.79
8358.31
9237.67
8849.19
9058.4
8694.88
8397.78
8681.3
8391.99
8651.19
8612.22
9335.8
8793.27
9061.72
8832.03
9632.86
8948.37
8510.71
9165.34
8690.43
8287.8
8701.79
8833.95
9002.27
8992.71
8692.54
8777.47
8828.88
8565.59
8856.08
8740.69
8906.36
8957.61
9668.56
8870.45
8831.43
8520.28
9147.36
8351.77
9436.53
8430.29
8538.75
8970.25
8638.79
8594.01
8569.75
8856.49
9192.06
9196.97
8811.22
9174.57
8780.17
9149.16
8906.66
8644.06
8860.59
8317.36
9030.82
8769.53
8479.4
8760.04
8645.5
8861.34
8541.7
8552.72
8588.36
8993.64
8577.07
8623.54
8788.43
8546.15
9094.72
8886.59
8947.41
8965.12
8716.2
8566.21
8643.94
9025.53
8772.92
8716.02
8451.48
8824.29
8780.44
9133.22
8540.54
8575.56
8813.24
8493.4
8542.55
8617.06
8656.78
8199.23
9156.38
8328.75
9003.28
8696.38
8657.83
8761.85
9018.55
8709.91
8885.54
8666.32
9038.19
8359.79
9016.61
9172.89
8690.64
8657.6
8665.28
8412.59
8582.68
9042.31
8899.4
8922.29
9288.65
9239.04
8517.39
8987.63
8606.75
8532.31
9102.72
8992.16
9219.54
8345.56
8301.64
8862.75
8315.81
9374.18
8828.23
8618.99
8744.87
9582.89
8727.71
8679.58
8900.17
8536.82
8906.51
8663.48
8538.31
8674.71
8554.37
8616.76
9113.87
8505.88
8757.35
8754.11
8796.2
9111.98
9294.37
8447.83
9377.75
8704.69
9046.05
8912.3
9227.07
8489.7
9080.09
8442.86
9104.27
8362.41
8688.02
8751.72
8558.75
8622.81
8931.94
8970.23
8801.81
8751.9
9189.44
8731.76
9365.0
8436.17
8630.87
8400.58
8400.58
8707.38
8462.07
8674.07
9002.79
8749.16
8873.8
8555.86
8844.11
8409.47
8931.67
8710.33
9159.5
8575.74
8669.28
8892.23
8579.18
9062.96
8988.81
8499.18
8995.22
9276.81
9050.01
8551.85
9063.36
8777.68
9270.13
8885.99
8868.59
8188.53
8797.62
8979.74
8726.79
8908.66
9100.33
8959.08
8784.21
8929.54
8532.98
8789.45
8340.11
8565.36
9518.51
8985.88
8337.47
8554.94
9342.69
8829.33
8639.41
9040.05
8899.48
8238.26
8957.67
8727.1
8530.82
8430.9
9173.35
8931.13
8560.69
9061.46
8771.55
9272.28
9423.13
9323.82
9021.59
8242.64
8775.53
8965.43
8507.79
8112.48
9274.74
9551.18
8270.8
8990.78
8844.91
8449.05
8772.3
9074.47
9122.9
8697.64
9054.5
8958.55
8932.02
8916.22
8657.08
8328.49
8235.57
9031.69
8412.74
8129.61
8891.31
9478.37
8707.37
8891.58
9179.89
8907.8
8594.99
8146.52
8977.41
9144.02
8712.68
8721.01
9075.57
8890.73
8666.75
8740.37
8411.88
8698.66
8769.29
9089.38
8262.97
8496.34
8777.8
8869.12
8813.94
8636.34
8536.69
8183.36
8736.73
8834.18
9238.25
9070.97
9078.67
8680.28
8762.24
8912.61
8461.53
8325.85
9206.16
8705.43
9304.17
8998.15
8267.11
8424.4
8893.29
7983.45
9088.56
9091.58
8645.8
9124.9
8806.55
9059.43
8901.97
9201.5
8310.74
9175.3
8602.5
8625.38
8998.77
8249.31
8456.28
9178.01
8823.48
9576.12
9239.03
8556.36
8593.47
9737.92
8763.11
8708.02
8555.88
9139.71
9255.22
8655.45
8457.28
8492.85
8800.85
8425.88
8736.84
8859.6
8765.32
9206.09
8530.4
8596.61
8792.06
8776.06
9179.62
8733.88
9044.31
8986.78
8517.43
8527.74
8464.58
8534.88
9311.79
8532.8
8669.03
8603.29
8849.36
8580.91
9258.97
8622.59
9032.13
8852.94
9105.68
8864.53
8746.19
8742.5
9075.16
8906.81
9726.75
9003.33
8768.05
8740.44
8933.46
9274.33
8493.38
8709.66
8659.23
9115.87
8391.69
8656.66
9018.16
8313.78
8965.8
8621.9
8455.13
8805.75
8455.25
9108.68
9055.75
9001.17
8656.48
8359.2
8560.83
9334.71
9388.34
8489.77
9270.53
8703.77
8700.93
8732.54
8824.52
8418.23
8858.87
8808.93
9094.41
8723.64
8912.42
8947.28
9170.64
8622.96
8646.08
8810.53
8958.52
8735.05
8794.09
8857.56
9066.44
8762.21
8311.02
8870.74
8584.42
8700.99
8802.18
9120.88
8712.43
9310.21
9024.14
8716.09
8236.22
8746.62
8595.84
9242.59
8455.35
8646.78
8591.39
8999.49
8524.13
8719.58
8446.76
8529.18
8983.06
8285.96
9283.54
8228.39
8955.66
8558.12
8688.74
8700.27
8541.23
8661.62
8619.84
8919.49
9439.25
8915.21
8790.18
8681.73
9092.77
8846.36
8985.6
8897.65
9054.24
9069.48
8942.71
9026.25
8794.49
9060.49
9178.23
8952.93
8787.34
8751.89
9453.17
9238.24
8701.69
8567.25
8885.03
9038.06
8384.41
9201.85
8226.4
8457.4
9114.45
9057.93
9076.6
8704.7
8603.24
8790.94
8782.19
8714.15
9080.56
8480.84
8872.03
8495.23
8624.14
8938.08
8848.89
8349.02
9498.71
8689.28
8323.63
8403.15
8456.6
8145.45
8678.78
8470.3
8569.61
9217.66
9512.77
8691.27
8910.93
8628.49
9197.69
8949.79
8814.7
8728.31
8299.64
8763.76
8996.33
9118.92
8850.45
9273.94
8574.18
8463.38
9199.99
8813.96
9049.94
8572.54
8924.83
9488.84
8638.7
9160.48
8584.41
8898.35
8510.76
8525.33
9183.42
8987.95
8912.27
8638.15
8746.18
9318.03
8323.91
9018.46
8536.8
9128.61
8528.8
7993.81
8976.06
9067.92
8542.46
9201.85
8057.32
8725.27
9033.64
9554.13
8292.22
8820.05
8303.82
8293.84
8636.77
8664.88
8477.29
8378.68
8184.28
8980.82
8538.59
8790.27
8637.4
8319.01
9114.15
9114.15
8842.43
8441.04
8742.78
8336.53
9462.93
8558.35
8571.04
8447.32
8228.33
8937.1
9150.78
8432.06
8250.87
9007.84
8727.7
8785.47
8587.18
8374.48
8728.9
8659.14
8854.34
9090.44
8741.64
8513.44
8580.71
8670.61
9197.94
8964.54
8012.24
9115.41
8911.15
8841.02
8312.49
9156.89
8699.16
8899.78
8841.49
8676.46
8725.98
9124.94
8976.95
8497.29
8784.0
8623.86
8697.66
8511.44
8221.22
8792.24
8413.1
8856.68
8714.5
9017.3
8713.0
8477.44
8953.51
8282.39
8538.59
8575.5
8547.16
8991.36
9232.87
8662.11
8783.19
8815.1
9366.84
8876.24
8662.56
8685.49
8563.79
8945.02
8531.2
9188.85
8866.93
8658.88
8731.1
8886.26
8288.02
8764.45
8186.63
8750.95
8572.54
8510.34
8654.03
8792.72
8495.65
8897.49
8391.38
8935.5
8710.48
9266.91
8636.86
8442.09
8880.74
8554.04
8901.83
8430.11
9228.89
9032.66
9069.8
8584.82
8307.61
8355.11
8838.09
8487.59
8496.23
8843.36
8876.87
8839.56
8923.22
8428.8
8752.33
9126.52
8635.18
9308.01
8900.0
8467.34
8373.78
8914.77
8764.26
8893.17
9174.24
9054.66
8809.07
8789.42
8866.63
8480.38
8801.28
8391.93
8482.24
9020.75
8580.88
8885.34
8482.09
8781.77
8349.86
8888.93
8934.96
8546.62
8667.48
8491.73
9175.28
8792.88
8982.89
8730.0
8169.84
8865.27
9116.39
8808.67
9352.25
8672.42
9003.59
8264.64
8913.05
9111.27
9122.28
8773.14
8759.23
9171.53
7950.25
8715.24
8560.25
9028.62
9092.48
9037.32
8709.07
9009.54
9117.1
8736.94
8980.83
9116.71
8460.97
8966.56
9059.18
8154.28
8934.56
8384.58
8773.92
8893.05
8977.31
8584.95
9036.17
9028.78
8849.71
8980.51
8803.54
8205.96
8874.74
8649.85
8690.29
9084.83
9128.52
8609.29
8935.56
8778.87
8968.3
9008.26
8638.29
8602.71
8748.64
8841.76
8534.39
8786.74
8898.03
9003.19
8855.61
8204.99
9292.69
8402.47
8587.14
9524.65
8985.65
9356.38
8991.5
8708.99
8595.08
8738.53
8669.18
8628.29
8268.02
8492.1
8747.48
8855.04
9347.93
8667.83
8935.78
8561.2
8695.31
8233.84
8813.55
8509.04
8546.08
8493.85
8471.73
8525.31
8322.48
8693.55
9181.14
8875.09
8521.95
8729.59
8754.37
8416.56
9746.74
8587.03
9097.81
8193.53
8634.68
8542.11
8851.29
9174.06
9158.82
9212.11
8442.51
8766.12
8696.87
8876.23
9650.63
9045.21
9276.34
8477.78
9239.17
8923.61
8603.29
8668.64
9347.82
8770.93
8691.55
8960.66
8294.94
8721.65
9131.42
8772.04
8615.29
8720.16
8393.77
9232.06
9150.25
9793.05
8513.94
8513.94
8208.3
9212.32
8641.48
8736.06
8555.58
8738.08
8385.46
9088.05
8826.66
8864.76
9897.93
8454.43
9088.4
9205.13
8826.84
8563.04
8766.89
9069.56
8841.15
8565.98
8283.38
8133.25
8895.55
8805.69
8985.5
8534.27
9290.16
9220.07
8391.97
8621.07
8960.83
9282.31
8813.48
9129.58
8380.54
8945.93
8994.14
8562.53
8744.92
8506.09
8626.94
8946.04
8983.53
9219.85
8562.12
8630.21
8832.28
8500.39
8161.66
8759.64
8904.12
8683.03
8839.43
9194.93
8629.56
9341.73
8309.46
8765.88
9244.49
8985.29
8419.27
8719.38
8882.31
8527.85
8677.29
8679.81
8985.49
9063.44
8469.69
8266.13
9262.88
9408.48
8953.68
8769.77
8731.88
8536.67
9307.46
8571.15
8996.86
9058.55
8576.4
8108.81
8631.81
8652.22
8839.45
8754.52
8530.85
8879.32
8912.64
8310.63
8806.33
8434.53
9216.96
8612.87
8891.77
8664.23
8522.02
8232.67
9147.33
8238.19
8651.71
9001.2
8283.85
8838.78
8834.51
8443.65
8372.3
8695.25
8417.84
8814.61
8674.14
8289.38
8668.56
8134.69
8910.48
8801.82
9009.65
8954.67
8893.97
8842.32
8871.35
8660.58
9067.89
8934.92
8364.71
8824.86
8882.24
8764.23
8766.91
8468.78
8817.23
8441.01
8791.76
9571.85
9206.64
9387.83
8188.0
8439.02
9010.36
8930.95
8187.93
9107.44
8964.81
8576.38
9250.23
9046.92
8379.13
8669.55
8245.34
8486.12
8774.81
8775.53
8687.96
8951.14
9180.69
8561.83
8612.88
9070.96
8872.77
8683.16
8028.79
9282.4
8438.89
8569.2
8979.04
8577.16
9121.13
8723.77
8796.52
9020.65
8939.99
9001.2
8779.31
8495.78
8637.41
8774.64
8842.34
9040.94
8914.42
9079.84
8658.03
9313.17
9012.18
8508.43
8545.58
8720.73
8635.93
8950.29
8696.71
8970.38
7953.8
9302.19
8222.0
8438.87
8611.25
8407.18
9077.7
8568.15
9224.41
8909.82
9083.56
8900.43
8900.43
8626.83
8982.62
8958.13
8796.42
9553.6
8854.77
8649.16
8621.87
8458.84
8587.8
8408.69
9230.99
9166.06
8314.51
8989.57
8503.66
8766.34
8524.4
8415.18
8633.07
8471.84
9204.76
9082.82
8286.15
8709.33
9069.68
8911.98
9085.84
8670.55
9152.39
8538.77
9038.67
8914.53
8436.27
8880.72
9054.5
8746.55
8733.34
9122.48
8952.86
9105.01
9332.01
9288.57
9010.5
8549.34
9027.02
8821.89
8398.53
8458.83
8661.99
9041.02
8571.87
9186.38
8570.42
8657.53
8559.49
8478.06
8729.79
8395.04
9181.85
8938.16
8993.44
8540.99
8660.02
8653.82
8453.59
8326.5
9015.02
8251.12
8634.79
9428.99
8912.59
8693.97
8804.31
8623.53
8976.21
9792.3
9065.13
8962.94
8981.7
8634.17
8746.87
8377.65
8215.94
9055.44
9023.56
8488.66
8163.62
9230.08
9232.82
8562.12
8853.2
8871.14
8980.66
8741.31
9052.1
8655.32
8712.45
8692.55
8102.29
8263.45
8454.8
8484.83
8807.12
9129.24
8721.74
8916.8
8516.58
8075.39
8632.11
8491.38
8215.3
8788.65
8351.15
9380.22
9165.38
8757.88
8613.12
8498.53
8658.94
9398.55
8946.99
8549.11
8697.07
9032.0
8440.1
8380.86
8906.36
8889.05
8723.69
9190.42
9178.62
8914.14
9157.72
9437.64
9180.17
9110.94
8865.56
8914.15
8440.17
8887.76
8936.7
8835.68
9109.35
9105.62
9211.72
9215.25
8967.42
8262.5
8974.32
8976.27
8924.64
8934.39
9287.99
8315.73
8605.93
8937.72
8512.74
8840.61
8563.48
8875.38
8669.17
8487.75
8630.3
8979.22
8565.43
9114.75
8267.23
8580.96
9050.67
8064.63
8804.85
8813.71
8763.25
8617.91
8243.83
8983.14
9020.59
