0.0
1296.0
381.0
345.0
327.0
366.0
441.0
1690.0
2780.0
3035.0
0.0
4439.0
0.0
6826.0
7101.0
8139.0
9975.0
6714.0
11838.0
11034.0
0.0
11606.0
12885.0
11197.0
15377.0
7896.0
15728.0
8832.0
13302.0
6241.0
7513.0
8983.0
10991.0
18852.0
13972.0
7953.0
20024.0
13688.0
9621.0
19930.0
13467.0
8364.0
16487.0
11132.0
13376.0
11204.0
9539.0
9539.0
19960.0
17170.0
10641.0
14966.0
8349.0
20857.0
8738.0
8438.0
21465.0
13641.0
5174.0
13706.0
19887.0
0.0
7746.0
0.0
13669.0
6817.0
11509.0
7891.0
17580.0
11726.0
11477.0
18763.0
11976.0
21336.0
16081.0
21831.0
11522.0
10871.0
11200.0
11391.0
21153.0
14972.0
25212.0
25212.0
23855.0
21605.0
20484.0
23699.0
16821.0
22644.0
23658.0
20754.0
21826.0
18252.0
22276.0
23757.0
19732.0
23928.0
20633.0
21108.0
25522.0
22651.0
19600.0
16890.0
19653.0
16411.0
18392.0
17157.0
18505.0
19384.0
21267.0
21691.0
17933.0
20134.0
22561.0
16881.0
18329.0
22169.0
26401.0
20539.0
20586.0
17940.0
20874.0
20535.0
21018.0
20813.0
21725.0
26595.0
16883.0
21427.0
22932.0
18912.0
18198.0
22211.0
14657.0
16329.0
21432.0
20576.0
20695.0
21113.0
25075.0
22446.0
22998.0
18570.0
20084.0
16898.0
20812.0
18229.0
19541.0
19499.0
18255.0
23553.0
23375.0
19728.0
20208.0
22120.0
20083.0
22565.0
20701.0
20193.0
20342.0
18393.0
18506.0
23661.0
20396.0
22759.0
19297.0
20024.0
21372.0
19929.0
21054.0
17451.0
18990.0
22002.0
24383.0
20914.0
18082.0
18180.0
17719.0
22024.0
21002.0
16721.0
16721.0
19706.0
17531.0
25084.0
20477.0
19643.0
21009.0
20439.0
18907.0
21239.0
19545.0
20049.0
18019.0
17225.0
19410.0
20339.0
16317.0
25153.0
18952.0
18911.0
21580.0
22054.0
18547.0
18488.0
20226.0
21358.0
19697.0
20666.0
18279.0
22115.0
19912.0
17954.0
21788.0
22960.0
19543.0
19543.0
23371.0
26066.0
24175.0
18259.0
22400.0
22433.0
23995.0
21881.0
24369.0
22016.0
22016.0
19758.0
21176.0
21300.0
21554.0
23860.0
21591.0
17604.0
19616.0
23221.0
20503.0
23505.0
18173.0
19686.0
19402.0
20301.0
23560.0
18019.0
18803.0
18252.0
21230.0
27690.0
20273.0
20762.0
17587.0
20196.0
17200.0
21989.0
17740.0
19203.0
18461.0
21960.0
18513.0
19748.0
17192.0
19516.0
18872.0
21042.0
17620.0
16964.0
16964.0
18575.0
18868.0
16119.0
20147.0
18287.0
22181.0
19066.0
20530.0
20978.0
22388.0
18790.0
17678.0
24893.0
20955.0
19960.0
21516.0
20715.0
16993.0
23392.0
21224.0
17350.0
20814.0
16296.0
26564.0
18668.0
20244.0
21432.0
20537.0
21611.0
20310.0
17114.0
16670.0
19348.0
19015.0
21157.0
20200.0
19018.0
20619.0
21919.0
18158.0
20668.0
22613.0
19837.0
19865.0
20325.0
17001.0
21231.0
17677.0
18478.0
24519.0
16991.0
18680.0
20310.0
24470.0
26835.0
19969.0
21414.0
18681.0
18579.0
22034.0
19316.0
19895.0
21249.0
21792.0
21082.0
18549.0
18711.0
22395.0
21619.0
19589.0
19735.0
17999.0
18374.0
21248.0
19177.0
23518.0
21015.0
19286.0
19323.0
19197.0
21681.0
26967.0
20538.0
18910.0
17825.0
17015.0
17931.0
21380.0
18628.0
20595.0
16517.0
20033.0
19471.0
21557.0
18616.0
20023.0
24964.0
18110.0
21260.0
18961.0
22656.0
17939.0
17755.0
20703.0
15103.0
20856.0
21013.0
18625.0
22198.0
22336.0
20581.0
22387.0
23712.0
17800.0
21379.0
18539.0
19008.0
19635.0
21613.0
21441.0
19658.0
23494.0
20280.0
24699.0
20404.0
23401.0
19132.0
19173.0
21736.0
20467.0
20430.0
24153.0
16326.0
17804.0
21005.0
18013.0
23232.0
19667.0
19400.0
22334.0
25507.0
19196.0
18326.0
18266.0
27937.0
19516.0
22599.0
15799.0
21982.0
19759.0
17252.0
18642.0
17013.0
21996.0
20408.0
21544.0
25794.0
15665.0
18121.0
18821.0
18073.0
21347.0
17229.0
18321.0
18294.0
19030.0
21768.0
19602.0
21701.0
20004.0
21561.0
17614.0
17958.0
15544.0
20613.0
23786.0
20829.0
19249.0
19837.0
21146.0
18353.0
22415.0
19262.0
20487.0
22624.0
16815.0
18363.0
19323.0
18404.0
20540.0
20578.0
21719.0
19202.0
19673.0
22518.0
18663.0
21912.0
21661.0
24689.0
20054.0
20974.0
18361.0
25064.0
20257.0
16669.0
20066.0
19082.0
17103.0
20419.0
17909.0
20162.0
17247.0
23380.0
18640.0
24053.0
18522.0
20737.0
21155.0
20322.0
18859.0
21414.0
16942.0
22246.0
20142.0
21545.0
20791.0
19213.0
17474.0
20108.0
21107.0
18625.0
20573.0
22260.0
22260.0
21101.0
19369.0
18894.0
22180.0
22818.0
20005.0
21971.0
17627.0
22890.0
22081.0
24069.0
16566.0
22354.0
20571.0
22817.0
19569.0
21506.0
17241.0
18180.0
20783.0
22615.0
19125.0
14750.0
21185.0
19828.0
18832.0
17480.0
21594.0
20052.0
19095.0
19620.0
19584.0
17173.0
17734.0
17874.0
23046.0
23761.0
22937.0
16106.0
22358.0
21630.0
20143.0
21379.0
16828.0
19295.0
19302.0
22665.0
23126.0
20766.0
17586.0
19851.0
19198.0
17708.0
20274.0
24312.0
18813.0
19188.0
21469.0
20010.0
24180.0
17381.0
22326.0
19525.0
23054.0
18821.0
16525.0
20302.0
20510.0
16965.0
22930.0
19127.0
24567.0
17029.0
17101.0
16091.0
20894.0
19315.0
17930.0
22044.0
19834.0
21362.0
17643.0
19544.0
20826.0
19914.0
18733.0
18946.0
21171.0
18452.0
22638.0
20313.0
17964.0
20090.0
23521.0
18085.0
19539.0
19880.0
21793.0
17198.0
18305.0
20392.0
18518.0
20331.0
18459.0
19111.0
16915.0
23128.0
21550.0
18396.0
18660.0
22186.0
16845.0
20040.0
22329.0
25376.0
19919.0
20927.0
21991.0
19256.0
19256.0
20959.0
18056.0
23433.0
21071.0
19084.0
19044.0
22954.0
21174.0
18917.0
15741.0
20038.0
19498.0
26035.0
19252.0
21651.0
16701.0
18641.0
19468.0
21418.0
21088.0
16473.0
22705.0
24273.0
21003.0
25745.0
22563.0
17321.0
21103.0
23286.0
21321.0
22061.0
19442.0
21303.0
22971.0
18351.0
18177.0
21595.0
16030.0
19741.0
19098.0
18881.0
23400.0
24886.0
19690.0
21661.0
22411.0
20956.0
18643.0
18302.0
21760.0
20657.0
20854.0
19906.0
18374.0
17747.0
17856.0
17135.0
20894.0
20214.0
18193.0
24728.0
17724.0
23632.0
26303.0
21911.0
19884.0
19555.0
18277.0
23579.0
19809.0
19101.0
18976.0
17538.0
18888.0
20253.0
19877.0
18017.0
22305.0
15590.0
24813.0
20424.0
20792.0
23882.0
21983.0
21202.0
22771.0
19068.0
17774.0
19918.0
22987.0
18908.0
25560.0
18871.0
20497.0
17775.0
21450.0
19299.0
18993.0
17493.0
18859.0
18822.0
21521.0
16361.0
16361.0
24282.0
20361.0
17404.0
18173.0
16940.0
20197.0
17366.0
21534.0
21095.0
20211.0
19851.0
18876.0
23875.0
20510.0
21599.0
17412.0
20550.0
17583.0
19069.0
19243.0
16689.0
20249.0
21266.0
19320.0
17411.0
21620.0
17431.0
18788.0
24769.0
17312.0
19298.0
21243.0
21750.0
27259.0
19758.0
18334.0
18334.0
21496.0
18281.0
24346.0
20109.0
17598.0
19640.0
16184.0
19252.0
17871.0
16999.0
19755.0
21361.0
20280.0
23106.0
22840.0
19393.0
17877.0
19644.0
19452.0
15777.0
17674.0
21563.0
20485.0
22338.0
23049.0
18575.0
20614.0
18739.0
23404.0
20656.0
20656.0
17836.0
18303.0
16704.0
15913.0
20878.0
18760.0
20777.0
21114.0
19536.0
19536.0
21098.0
21297.0
19612.0
16741.0
20825.0
21823.0
18638.0
21104.0
16896.0
18286.0
25531.0
21213.0
19422.0
18450.0
16309.0
17730.0
20029.0
19161.0
19011.0
26377.0
23508.0
16733.0
18847.0
16390.0
19830.0
17773.0
21721.0
20283.0
21707.0
17559.0
17460.0
20763.0
20075.0
17624.0
23215.0
19706.0
24797.0
17693.0
17693.0
18519.0
19487.0
19201.0
21213.0
18090.0
18695.0
21020.0
20978.0
18961.0
21084.0
19864.0
19126.0
21391.0
25162.0
17400.0
20267.0
22334.0
22885.0
17971.0
19566.0
20653.0
19335.0
19562.0
18128.0
22602.0
21284.0
18263.0
16550.0
22887.0
21444.0
20369.0
19788.0
19842.0
20277.0
18478.0
16286.0
18664.0
17236.0
21124.0
21124.0
21101.0
22535.0
23205.0
22062.0
17574.0
19593.0
20856.0
20524.0
18263.0
20898.0
24627.0
23250.0
21698.0
24383.0
23080.0
20143.0
21012.0
23271.0
16620.0
16620.0
23141.0
19983.0
19326.0
21024.0
23126.0
20217.0
19359.0
17577.0
17059.0
16681.0
20354.0
16885.0
22518.0
21996.0
20295.0
19183.0
19791.0
17941.0
20763.0
22404.0
15933.0
23186.0
20857.0
18619.0
16744.0
21437.0
17206.0
20332.0
23156.0
19379.0
24497.0
21431.0
20642.0
18630.0
22317.0
18407.0
17771.0
20992.0
19649.0
17401.0
19280.0
22093.0
15598.0
19926.0
21304.0
16822.0
18878.0
24307.0
15257.0
19476.0
20834.0
21074.0
23248.0
19724.0
21647.0
21568.0
20994.0
18177.0
20563.0
21284.0
18390.0
18390.0
20387.0
16700.0
17030.0
20112.0
18407.0
20309.0
20560.0
18624.0
19937.0
19394.0
19843.0
19733.0
17775.0
18855.0
17164.0
23445.0
21257.0
24952.0
19324.0
23032.0
20156.0
18982.0
16233.0
19989.0
17628.0
20471.0
23812.0
19702.0
20330.0
18904.0
19314.0
18388.0
20422.0
20245.0
20918.0
18687.0
20189.0
20189.0
18316.0
15355.0
17331.0
16400.0
18695.0
21030.0
17022.0
21436.0
18408.0
17183.0
19318.0
19468.0
16187.0
19160.0
17931.0
22711.0
18840.0
20559.0
22140.0
22140.0
19853.0
18725.0
24266.0
18318.0
20472.0
15657.0
16967.0
19557.0
19256.0
17858.0
20197.0
21468.0
22078.0
18824.0
19080.0
20132.0
16413.0
21720.0
25655.0
18034.0
21856.0
23304.0
19202.0
20380.0
21158.0
21567.0
28046.0
20008.0
15986.0
22282.0
28387.0
18845.0
21424.0
20083.0
23361.0
21598.0
26254.0
23780.0
18508.0
23760.0
20365.0
20062.0
18814.0
19601.0
17711.0
17104.0
18168.0
24992.0
17100.0
22794.0
20621.0
22489.0
22095.0
23280.0
21335.0
21472.0
24226.0
19312.0
19057.0
21341.0
21193.0
17447.0
18225.0
17612.0
23695.0
20116.0
19080.0
17423.0
24257.0
23027.0
17962.0
20595.0
18132.0
19926.0
20780.0
22612.0
24099.0
16440.0
20368.0
17608.0
20747.0
15636.0
18853.0
19014.0
18592.0
19950.0
20541.0
20314.0
18467.0
17860.0
22165.0
19654.0
20770.0
18365.0
23240.0
16838.0
22288.0
19030.0
21015.0
19628.0
20207.0
19261.0
20074.0
18993.0
22722.0
20882.0
19568.0
19092.0
17345.0
21170.0
23074.0
23880.0
20384.0
18381.0
20800.0
21791.0
20215.0
20303.0
20033.0
22547.0
19162.0
20784.0
22627.0
20851.0
22976.0
19949.0
21292.0
16858.0
16922.0
21916.0
23626.0
21019.0
18287.0
22490.0
17748.0
21942.0
20592.0
24000.0
21981.0
16847.0
19194.0
21076.0
21432.0
22726.0
18891.0
18367.0
20673.0
23179.0
17266.0
18524.0
19815.0
19816.0
20521.0
15733.0
18297.0
23096.0
20626.0
20784.0
20786.0
17083.0
18811.0
19711.0
20247.0
19938.0
18791.0
18994.0
18746.0
18097.0
18267.0
17627.0
20035.0
21003.0
22575.0
14886.0
17946.0
16857.0
20291.0
21623.0
20019.0
23394.0
20233.0
21854.0
17418.0
25360.0
16089.0
19067.0
19249.0
18495.0
21528.0
22241.0
18779.0
17053.0
23573.0
23492.0
21889.0
16618.0
19318.0
17254.0
18428.0
20602.0
20951.0
17541.0
20895.0
15998.0
18090.0
20271.0
21517.0
16199.0
20708.0
18981.0
19057.0
19206.0
17881.0
20543.0
23771.0
23055.0
19128.0
18128.0
19900.0
20273.0
21276.0
18865.0
24057.0
18090.0
16987.0
20549.0
22510.0
19373.0
23084.0
21796.0
15378.0
18090.0
21953.0
21174.0
19116.0
22438.0
20998.0
20094.0
18087.0
18076.0
19341.0
20527.0
17639.0
22384.0
17001.0
21113.0
24182.0
22344.0
15567.0
16197.0
26036.0
19068.0
18518.0
17809.0
18395.0
19915.0
20030.0
22448.0
21606.0
22587.0
15496.0
17909.0
23351.0
24036.0
24076.0
17878.0
18800.0
20493.0
18069.0
20843.0
20732.0
19784.0
21490.0
23110.0
22596.0
18390.0
21485.0
18756.0
21972.0
18318.0
19050.0
19458.0
22097.0
18174.0
22656.0
18220.0
19428.0
19426.0
18716.0
18941.0
18743.0
21704.0
21616.0
18380.0
17382.0
21640.0
17608.0
16375.0
23185.0
26153.0
24582.0
18259.0
19624.0
16560.0
18481.0
22356.0
17966.0
17661.0
20931.0
25587.0
21279.0
22094.0
22797.0
20800.0
20776.0
23597.0
19378.0
17395.0
22234.0
18932.0
19249.0
19930.0
16781.0
20303.0
17270.0
18093.0
23039.0
18929.0
19582.0
21060.0
21173.0
17357.0
20961.0
18513.0
18011.0
18963.0
17749.0
18935.0
21122.0
19336.0
20155.0
17120.0
24833.0
21433.0
15360.0
21267.0
21731.0
17686.0
20899.0
17262.0
21760.0
22392.0
20680.0
17967.0
19470.0
23276.0
19597.0
18299.0
21703.0
17923.0
20886.0
22435.0
20097.0
20059.0
20454.0
21324.0
17086.0
22816.0
21590.0
23483.0
18137.0
18002.0
20987.0
18515.0
18515.0
18647.0
17419.0
18509.0
18420.0
20397.0
27223.0
22778.0
19803.0
18862.0
23584.0
23428.0
22748.0
26104.0
18480.0
20816.0
18442.0
19764.0
16054.0
18831.0
20368.0
20402.0
17677.0
24292.0
22442.0
26274.0
22593.0
18486.0
18168.0
18894.0
17641.0
23742.0
20937.0
24142.0
23218.0
19730.0
16670.0
16070.0
19237.0
20249.0
19805.0
21189.0
18679.0
22409.0
20096.0
20096.0
18848.0
20092.0
19392.0
20768.0
19060.0
17379.0
20946.0
17584.0
24389.0
21677.0
25600.0
21162.0
21719.0
21957.0
22552.0
24448.0
16455.0
18000.0
18674.0
24217.0
16523.0
20961.0
21913.0
21956.0
22478.0
21627.0
20151.0
21699.0
21256.0
21578.0
16824.0
23086.0
17800.0
17555.0
18140.0
25084.0
25084.0
22910.0
26303.0
18694.0
23783.0
21150.0
21071.0
18387.0
22733.0
18322.0
23859.0
19228.0
17439.0
24306.0
20639.0
21952.0
19862.0
16616.0
22791.0
19883.0
17531.0
20667.0
18512.0
18637.0
16347.0
19980.0
22228.0
19269.0
17143.0
19638.0
21673.0
23574.0
20096.0
23922.0
23253.0
17011.0
22054.0
21603.0
18993.0
21527.0
20036.0
20169.0
18024.0
21513.0
21513.0
21231.0
16576.0
18967.0
19621.0
17548.0
18804.0
19771.0
21495.0
17516.0
17720.0
18829.0
21164.0
21956.0
24537.0
19670.0
20489.0
22726.0
20505.0
20702.0
20702.0
18170.0
24944.0
18077.0
23303.0
21393.0
19826.0
17411.0
24501.0
23913.0
19352.0
22539.0
16956.0
23948.0
19569.0
23708.0
20940.0
24009.0
22567.0
17069.0
17069.0
23820.0
19942.0
18933.0
17782.0
23620.0
18064.0
19754.0
21956.0
16098.0
20299.0
22625.0
17713.0
19021.0
22134.0
24223.0
22493.0
19488.0
20374.0
19268.0
17485.0
22511.0
20011.0
16014.0
22632.0
18191.0
21869.0
22382.0
19809.0
22310.0
21647.0
21555.0
21833.0
19571.0
21457.0
19057.0
19169.0
23077.0
18254.0
19775.0
21112.0
18901.0
18358.0
19352.0
23442.0
24994.0
20121.0
25176.0
19031.0
21983.0
21476.0
25029.0
21282.0
20906.0
19904.0
17133.0
21619.0
19832.0
18070.0
19278.0
18483.0
18483.0
20153.0
22440.0
23152.0
21979.0
20138.0
17571.0
24222.0
20632.0
18693.0
21899.0
21629.0
23624.0
18662.0
22013.0
16640.0
23362.0
18807.0
16923.0
25107.0
24498.0
20407.0
16382.0
20236.0
22228.0
22186.0
20346.0
23331.0
20213.0
20565.0
21089.0
25575.0
18202.0
21587.0
16824.0
25386.0
25386.0
19459.0
16974.0
15545.0
21254.0
18775.0
19185.0
19418.0
24021.0
22284.0
19726.0
21260.0
19305.0
19517.0
23947.0
21605.0
20192.0
21584.0
20076.0
23682.0
24046.0
18825.0
15560.0
17147.0
19259.0
22662.0
18643.0
23477.0
20871.0
26149.0
18286.0
20211.0
19362.0
19801.0
21655.0
23689.0
15502.0
24500.0
18464.0
20161.0
24804.0
17862.0
20677.0
19457.0
22686.0
20584.0
22962.0
21662.0
20323.0
17664.0
16300.0
20630.0
20252.0
18640.0
18968.0
20740.0
17456.0
20307.0
19933.0
21345.0
22630.0
22119.0
18054.0
19057.0
18303.0
18599.0
17524.0
20253.0
22193.0
18688.0
20597.0
17151.0
17261.0
23401.0
20810.0
17032.0
19026.0
18412.0
18973.0
18025.0
21889.0
22845.0
19431.0
23351.0
19463.0
21123.0
19483.0
18240.0
21201.0
23910.0
20974.0
19413.0
20238.0
24923.0
19421.0
16062.0
20309.0
22312.0
18594.0
21102.0
14773.0
17508.0
20891.0
23851.0
22297.0
19638.0
21922.0
23309.0
15038.0
19949.0
19464.0
21773.0
18454.0
15584.0
18761.0
19339.0
17169.0
18603.0
20095.0
20692.0
19172.0
18522.0
19972.0
17627.0
17501.0
16115.0
17065.0
23231.0
19005.0
20653.0
18592.0
16650.0
19212.0
21501.0
19396.0
19572.0
17776.0
19472.0
20150.0
18605.0
20597.0
24416.0
18497.0
15347.0
15347.0
22896.0
20214.0
19774.0
22552.0
19579.0
20100.0
21842.0
20686.0
20322.0
19881.0
19731.0
17177.0
19457.0
18399.0
20134.0
21773.0
22488.0
19517.0
21352.0
23769.0
21567.0
17126.0
21055.0
18433.0
19865.0
18701.0
17802.0
17568.0
21560.0
23822.0
20477.0
21626.0
21626.0
17015.0
18395.0
16478.0
19512.0
24651.0
17732.0
18741.0
19134.0
17674.0
16819.0
17468.0
18652.0
18909.0
14355.0
19476.0
22340.0
19588.0
18848.0
21196.0
21196.0
17330.0
19033.0
18738.0
17007.0
22222.0
22965.0
22403.0
21956.0
20885.0
23116.0
18814.0
22389.0
21373.0
22053.0
21125.0
15851.0
15851.0
16632.0
19797.0
17367.0
19827.0
20692.0
20728.0
16823.0
20193.0
21857.0
23018.0
20537.0
23287.0
17336.0
20915.0
21580.0
19686.0
18760.0
22666.0
17788.0
20950.0
19020.0
22443.0
17861.0
19382.0
21179.0
21993.0
22395.0
18998.0
20836.0
21657.0
21732.0
21375.0
20739.0
21336.0
19969.0
18407.0
28008.0
28582.0
20538.0
23181.0
22420.0
22414.0
24371.0
24281.0
24735.0
17861.0
18766.0
24130.0
20148.0
18549.0
15540.0
24663.0
17823.0
24305.0
20024.0
20024.0
22247.0
25240.0
17697.0
20428.0
22573.0
15988.0
20032.0
21581.0
19445.0
19445.0
19663.0
21192.0
22776.0
21605.0
20385.0
21051.0
22777.0
18661.0
19404.0
21171.0
19964.0
20591.0
23628.0
20426.0
18563.0
23581.0
21451.0
21284.0
24062.0
19844.0
21265.0
19774.0
20870.0
21620.0
23762.0
26407.0
21210.0
22792.0
19788.0
23467.0
22876.0
20541.0
19068.0
20183.0
23910.0
19812.0
24142.0
26388.0
21812.0
25848.0
19216.0
20840.0
19073.0
18477.0
18477.0
24267.0
26939.0
19519.0
26211.0
21121.0
20284.0
21286.0
24165.0
22337.0
23465.0
19328.0
18831.0
19875.0
21528.0
20986.0
19283.0
20686.0
16353.0
21426.0
21448.0
19219.0
17357.0
19468.0
21092.0
17865.0
19339.0
18933.0
19362.0
27162.0
20500.0
18489.0
22441.0
22257.0
21606.0
18267.0
21269.0
26827.0
18392.0
19581.0
22906.0
17151.0
24530.0
21032.0
21150.0
21610.0
23872.0
24752.0
20773.0
21647.0
22037.0
18650.0
21083.0
23713.0
18251.0
23619.0
23468.0
16914.0
16443.0
26341.0
18490.0
25884.0
21807.0
20880.0
21859.0
16792.0
21974.0
16957.0
22516.0
22754.0
17885.0
22712.0
18314.0
19483.0
20240.0
24733.0
18452.0
21747.0
23696.0
23531.0
28477.0
20793.0
18776.0
17537.0
19681.0
22321.0
17059.0
25902.0
19278.0
23883.0
20034.0
19259.0
20230.0
20218.0
16635.0
18478.0
21614.0
21697.0
18330.0
22797.0
20217.0
20536.0
25101.0
21271.0
20486.0
19591.0
25692.0
18763.0
17975.0
16837.0
17518.0
23592.0
21507.0
20887.0
17596.0
19645.0
18216.0
18219.0
26986.0
15784.0
17673.0
19330.0
19849.0
16819.0
17974.0
17393.0
17730.0
24736.0
25864.0
21985.0
21905.0
22988.0
20687.0
23475.0
18712.0
21205.0
16391.0
18364.0
22636.0
20169.0
24383.0
21818.0
19109.0
20753.0
20250.0
21861.0
21968.0
21395.0
21037.0
19788.0
18984.0
20524.0
22294.0
18687.0
19201.0
21039.0
22294.0
21228.0
23122.0
20225.0
18221.0
19541.0
19035.0
23190.0
15688.0
21670.0
17475.0
21060.0
23360.0
21663.0
18364.0
22858.0
18846.0
21172.0
22641.0
25093.0
15533.0
19321.0
16602.0
19793.0
20498.0
20498.0
17934.0
20137.0
21416.0
20446.0
21699.0
22804.0
20455.0
21776.0
21429.0
23115.0
18426.0
18074.0
22647.0
24416.0
18295.0
23126.0
16091.0
18787.0
16400.0
22267.0
22293.0
21601.0
19568.0
21154.0
18450.0
18500.0
17062.0
24474.0
22097.0
20046.0
16878.0
22650.0
25648.0
17078.0
20737.0
25145.0
18851.0
16578.0
20141.0
22838.0
21211.0
16456.0
16837.0
23095.0
21265.0
20459.0
21854.0
19363.0
17189.0
19840.0
24112.0
21293.0
21181.0
18877.0
26960.0
18634.0
19530.0
20388.0
18759.0
20312.0
27546.0
17241.0
19190.0
20913.0
24388.0
23375.0
17687.0
23926.0
23926.0
24146.0
21787.0
20085.0
21622.0
16915.0
21224.0
17791.0
21734.0
22082.0
19073.0
19256.0
20655.0
22047.0
15258.0
21840.0
21382.0
16176.0
19631.0
22194.0
18749.0
17080.0
20452.0
19705.0
20237.0
17866.0
18221.0
19986.0
20811.0
17955.0
17848.0
24175.0
19545.0
19428.0
19255.0
18778.0
20530.0
19157.0
17819.0
18385.0
25275.0
20659.0
23474.0
18621.0
16033.0
17084.0
24627.0
20079.0
17798.0
19939.0
19676.0
21244.0
21753.0
21866.0
19228.0
19575.0
21708.0
25416.0
21767.0
21735.0
19173.0
21676.0
25965.0
18500.0
25946.0
20569.0
24736.0
16233.0
17887.0
18942.0
25811.0
20701.0
20354.0
15930.0
22791.0
18991.0
18991.0
18700.0
20052.0
19162.0
17847.0
18067.0
21022.0
16422.0
21958.0
20565.0
17603.0
23380.0
16248.0
24204.0
25594.0
21604.0
18338.0
18808.0
17888.0
21612.0
21609.0
16378.0
19580.0
27696.0
18331.0
18152.0
18497.0
25168.0
19711.0
25572.0
20274.0
20799.0
18890.0
15167.0
19743.0
17283.0
18109.0
18826.0
21111.0
20169.0
18941.0
18852.0
18362.0
17626.0
20970.0
18605.0
20375.0
21873.0
19690.0
17876.0
16940.0
18677.0
18677.0
18937.0
23551.0
21339.0
21944.0
19294.0
20609.0
20624.0
20106.0
18652.0
18778.0
18309.0
19347.0
21956.0
19861.0
25943.0
18603.0
24897.0
19083.0
18013.0
19613.0
21815.0
17166.0
25792.0
20083.0
23677.0
18793.0
20802.0
22534.0
21014.0
22417.0
19195.0
17929.0
20928.0
18494.0
18917.0
19815.0
22878.0
19686.0
20265.0
18396.0
19258.0
25411.0
19767.0
21354.0
21109.0
19438.0
18231.0
20090.0
21720.0
22157.0
18143.0
21346.0
21839.0
19299.0
23182.0
26233.0
23349.0
17313.0
20933.0
17572.0
20912.0
14012.0
16208.0
21066.0
20105.0
19863.0
16707.0
19896.0
17219.0
19092.0
17431.0
22300.0
21107.0
21719.0
24373.0
15822.0
16253.0
22260.0
25377.0
20869.0
24376.0
18796.0
21143.0
18857.0
22401.0
25744.0
22723.0
19696.0
20052.0
22008.0
25434.0
22016.0
25053.0
23219.0
23612.0
18036.0
17792.0
22724.0
26102.0
24446.0
22430.0
19557.0
17399.0
21894.0
17455.0
22944.0
20756.0
20906.0
17917.0
22788.0
24484.0
23386.0
22305.0
22205.0
15266.0
26769.0
22580.0
20980.0
24318.0
20216.0
24864.0
22836.0
25178.0
18162.0
21512.0
18843.0
20361.0
23861.0
16351.0
20974.0
17507.0
19089.0
24155.0
21224.0
22805.0
24906.0
20786.0
18941.0
22430.0
22525.0
19229.0
19915.0
21944.0
21640.0
17507.0
17917.0
19047.0
22641.0
20948.0
24449.0
17555.0
21533.0
18082.0
26883.0
20932.0
21160.0
23874.0
22856.0
21162.0
20242.0
19869.0
21521.0
19107.0
21406.0
20194.0
21867.0
18642.0
22345.0
20226.0
17915.0
21415.0
19773.0
19373.0
22734.0
20778.0
20376.0
20227.0
21112.0
22279.0
22279.0
23118.0
15162.0
17932.0
22039.0
22017.0
22250.0
20839.0
21308.0
21587.0
20204.0
19964.0
20239.0
18939.0
19702.0
20048.0
18776.0
19798.0
21175.0
20061.0
20061.0
19490.0
19218.0
19715.0
23514.0
22151.0
18023.0
19410.0
23407.0
21233.0
20044.0
22226.0
15695.0
25533.0
20663.0
16687.0
18996.0
24194.0
21018.0
17970.0
17970.0
19831.0
19961.0
19580.0
18009.0
21227.0
22070.0
24337.0
18490.0
21095.0
20328.0
17719.0
19746.0
19864.0
22848.0
19068.0
19352.0
17465.0
18437.0
23496.0
17656.0
22007.0
18043.0
16072.0
21379.0
21969.0
23004.0
24122.0
17219.0
21485.0
17702.0
19868.0
20725.0
26954.0
20803.0
21906.0
19672.0
20080.0
20080.0
22699.0
18246.0
24492.0
22695.0
20195.0
22560.0
24600.0
19795.0
16242.0
18508.0
19786.0
26243.0
24546.0
20632.0
23466.0
18989.0
17837.0
17879.0
22266.0
15423.0
20559.0
20129.0
21052.0
23207.0
18599.0
20603.0
24623.0
23519.0
24598.0
19867.0
18756.0
20270.0
19029.0
20543.0
20774.0
17992.0
18554.0
21522.0
21707.0
22499.0
19575.0
18478.0
23717.0
19514.0
16642.0
20383.0
25068.0
20595.0
20329.0
17474.0
17943.0
18944.0
19972.0
25818.0
20178.0
17785.0
19770.0
20535.0
16459.0
20120.0
19290.0
23091.0
18282.0
21092.0
20339.0
21700.0
22112.0
20992.0
17022.0
21031.0
17902.0
21872.0
21716.0
18463.0
17407.0
20510.0
26573.0
22480.0
16694.0
20092.0
21288.0
19003.0
19994.0
23608.0
25028.0
18872.0
26726.0
21527.0
23329.0
14938.0
23999.0
22746.0
20919.0
20537.0
22354.0
20021.0
22029.0
17299.0
22417.0
18006.0
18936.0
20581.0
25865.0
21006.0
20074.0
21997.0
18086.0
19638.0
19499.0
19361.0
22290.0
19292.0
25520.0
20713.0
17454.0
18312.0
21229.0
21823.0
21823.0
19208.0
19001.0
19361.0
17361.0
16568.0
17163.0
22339.0
17079.0
19782.0
19122.0
19196.0
21534.0
18427.0
19795.0
17850.0
16076.0
19145.0
22315.0
20579.0
24828.0
19956.0
24406.0
20874.0
21703.0
20211.0
25973.0
24907.0
16351.0
21482.0
21145.0
19848.0
18584.0
21253.0
20020.0
13566.0
18906.0
24173.0
17201.0
17371.0
18158.0
21321.0
21605.0
17242.0
20988.0
19382.0
24802.0
18541.0
18862.0
22159.0
21814.0
16671.0
19096.0
20551.0
17174.0
21621.0
19452.0
18503.0
22833.0
18898.0
20794.0
21857.0
20439.0
25290.0
21016.0
22096.0
20225.0
18856.0
22157.0
18324.0
19592.0
20423.0
17977.0
20876.0
22037.0
25245.0
19765.0
19627.0
19929.0
17813.0
21953.0
17398.0
16940.0
16856.0
20052.0
22939.0
17284.0
17410.0
24604.0
18199.0
20195.0
17835.0
20067.0
23409.0
16702.0
17286.0
16919.0
18732.0
19074.0
16567.0
18183.0
21163.0
19400.0
26148.0
23181.0
17687.0
21148.0
19642.0
19734.0
20563.0
21418.0
21943.0
23814.0
21439.0
19670.0
19094.0
17855.0
22126.0
18802.0
18622.0
20452.0
19250.0
19722.0
24385.0
18489.0
20217.0
24546.0
19619.0
19584.0
19426.0
24254.0
19617.0
23118.0
18947.0
20734.0
19334.0
19262.0
21963.0
19899.0
17105.0
18481.0
23762.0
19994.0
16338.0
19660.0
16894.0
21942.0
18670.0
22501.0
18569.0
24824.0
17340.0
18188.0
18064.0
21880.0
21982.0
16768.0
18898.0
23853.0
23858.0
22438.0
22056.0
18577.0
21785.0
20842.0
18773.0
17588.0
19859.0
21517.0
20057.0
17634.0
22731.0
18811.0
16931.0
18944.0
20669.0
17880.0
23076.0
20023.0
20061.0
23451.0
22493.0
23152.0
18059.0
18059.0
26241.0
20881.0
20206.0
19549.0
20805.0
20508.0
17705.0
22599.0
26597.0
19274.0
23024.0
22065.0
21753.0
20808.0
23167.0
15961.0
19640.0
17721.0
18331.0
19753.0
18566.0
20402.0
18548.0
18061.0
19573.0
17302.0
18978.0
19299.0
22192.0
23569.0
21083.0
23630.0
20656.0
19371.0
24974.0
19579.0
18694.0
21660.0
18424.0
21142.0
16482.0
18597.0
20309.0
18238.0
25059.0
18931.0
21659.0
22119.0
16303.0
18278.0
17030.0
18648.0
17984.0
18254.0
19139.0
20518.0
20655.0
20246.0
18239.0
25526.0
18270.0
23474.0
17664.0
18490.0
19438.0
25197.0
21359.0
23763.0
22715.0
19915.0
19283.0
20469.0
16141.0
19202.0
20304.0
20803.0
16249.0
21883.0
19025.0
25465.0
17680.0
15395.0
19816.0
17884.0
17927.0
25078.0
26899.0
23460.0
24639.0
18850.0
20550.0
17612.0
18018.0
19744.0
21696.0
19345.0
20426.0
19858.0
22093.0
17356.0
17356.0
20868.0
18101.0
17973.0
17973.0
16919.0
21153.0
17025.0
19826.0
21929.0
21492.0
19548.0
16156.0
22046.0
20523.0
17874.0
21973.0
20807.0
18003.0
17441.0
18432.0
18760.0
19395.0
22941.0
20318.0
21090.0
16912.0
17604.0
20982.0
18391.0
20447.0
20760.0
16941.0
21132.0
22105.0
20730.0
16363.0
23674.0
20578.0
22161.0
20002.0
18098.0
15896.0
21071.0
17997.0
15603.0
19745.0
16782.0
18292.0
21106.0
16795.0
20069.0
17539.0
20032.0
20816.0
19718.0
20246.0
21825.0
21046.0
18733.0
19761.0
19102.0
19756.0
17027.0
21730.0
16232.0
22438.0
17163.0
17847.0
24157.0
16269.0
19461.0
22015.0
18833.0
23146.0
19275.0
18788.0
19774.0
19636.0
18406.0
15933.0
18850.0
20443.0
18373.0
21612.0
19808.0
24531.0
18638.0
18767.0
17351.0
21635.0
20602.0
18236.0
21164.0
18497.0
22387.0
16287.0
19132.0
20046.0
18920.0
18349.0
19371.0
17791.0
17284.0
17101.0
20120.0
20389.0
19404.0
16525.0
18417.0
22361.0
16282.0
18646.0
19328.0
20774.0
22022.0
17953.0
20343.0
15265.0
18339.0
21669.0
17420.0
18690.0
17184.0
22694.0
17267.0
18962.0
17833.0
21089.0
16056.0
24158.0
19586.0
20545.0
19411.0
21575.0
18618.0
21416.0
23920.0
17812.0
22205.0
18788.0
21154.0
16984.0
18190.0
17116.0
18360.0
21081.0
18068.0
20145.0
17653.0
21787.0
20446.0
20286.0
21361.0
17057.0
21158.0
21624.0
24126.0
20984.0
15412.0
16369.0
17684.0
19865.0
25483.0
16837.0
17496.0
17825.0
18851.0
19723.0
22094.0
18006.0
17252.0
19020.0
18991.0
25050.0
17548.0
21024.0
21977.0
14317.0
14892.0
20840.0
22894.0
19340.0
25788.0
23115.0
21107.0
15184.0
19755.0
24078.0
20028.0
19538.0
21527.0
19789.0
19061.0
18659.0
16509.0
22268.0
16253.0
18674.0
19930.0
19803.0
18884.0
22944.0
18681.0
24538.0
18309.0
25547.0
18090.0
21954.0
25626.0
19511.0
20655.0
21494.0
19571.0
18471.0
23044.0
21354.0
19243.0
18622.0
17067.0
20918.0
18724.0
19175.0
22548.0
18382.0
22313.0
18560.0
19661.0
19131.0
20979.0
19539.0
14619.0
18404.0
17576.0
20399.0
17447.0
20076.0
19673.0
15002.0
17306.0
23598.0
23598.0
19147.0
15424.0
21304.0
19927.0
20868.0
16627.0
18324.0
17135.0
16229.0
24221.0
18677.0
19920.0
23577.0
16997.0
19443.0
18441.0
17581.0
23408.0
18872.0
18120.0
17959.0
21782.0
19498.0
17693.0
19364.0
16765.0
23620.0
21612.0
22766.0
22709.0
20036.0
22922.0
20687.0
18386.0
23722.0
18004.0
18369.0
17708.0
20137.0
23053.0
24365.0
20204.0
15784.0
21610.0
21729.0
17889.0
23631.0
15479.0
17905.0
18150.0
17736.0
26202.0
21188.0
23750.0
20703.0
18660.0
22961.0
19521.0
22475.0
18536.0
19641.0
23267.0
18558.0
22740.0
23125.0
20622.0
20891.0
18606.0
20464.0
21805.0
18282.0
22750.0
21000.0
17515.0
23563.0
21750.0
20184.0
20263.0
20245.0
20209.0
24935.0
16796.0
17557.0
25831.0
22796.0
21208.0
17221.0
22408.0
22104.0
21464.0
17895.0
20479.0
17888.0
17968.0
17968.0
18145.0
19025.0
22424.0
21710.0
17327.0
24932.0
22242.0
20207.0
22511.0
20740.0
19447.0
18765.0
16297.0
22242.0
19646.0
23068.0
18611.0
21658.0
21703.0
18722.0
21346.0
19433.0
19848.0
20344.0
20344.0
18695.0
19770.0
16585.0
21088.0
19132.0
18736.0
19905.0
20259.0
24222.0
25666.0
20254.0
22656.0
19925.0
23684.0
17189.0
19627.0
23616.0
19752.0
17127.0
24563.0
20794.0
22035.0
20401.0
18035.0
19803.0
25310.0
19598.0
21432.0
24657.0
19724.0
17703.0
19895.0
18864.0
19144.0
21181.0
20631.0
20777.0
17052.0
19469.0
19457.0
20384.0
19936.0
19782.0
20679.0
21502.0
19214.0
20345.0
18268.0
19131.0
18938.0
21251.0
20457.0
24952.0
19098.0
19223.0
21431.0
21780.0
17896.0
18321.0
26617.0
20259.0
19883.0
19151.0
17654.0
26617.0
22210.0
20687.0
16835.0
18374.0
17754.0
23242.0
21095.0
23319.0
22273.0
19231.0
21515.0
17125.0
16896.0
16896.0
22809.0
23242.0
22273.0
22887.0
25129.0
20028.0
18672.0
20832.0
20212.0
25431.0
20882.0
21754.0
17957.0
19647.0
19585.0
23669.0
23555.0
18498.0
22727.0
23615.0
20068.0
21897.0
16907.0
19087.0
20218.0
21435.0
20808.0
21320.0
27390.0
21566.0
18650.0
20078.0
16812.0
24020.0
18631.0
16918.0
24788.0
23677.0
19336.0
22738.0
24186.0
18289.0
23445.0
24988.0
21011.0
21271.0
21959.0
21541.0
21003.0
18332.0
22067.0
21653.0
20402.0
20179.0
25663.0
21163.0
18223.0
15836.0
20801.0
18856.0
25122.0
17778.0
22407.0
22288.0
22080.0
18308.0
26241.0
19175.0
15298.0
18948.0
20573.0
18802.0
18776.0
16395.0
18102.0
18102.0
22771.0
24588.0
21416.0
19502.0
17586.0
20026.0
23001.0
18817.0
19418.0
26638.0
18737.0
19199.0
23048.0
19867.0
21733.0
18067.0
19998.0
19613.0
19995.0
22808.0
19490.0
21721.0
23443.0
22054.0
22836.0
18943.0
19087.0
19542.0
23753.0
18468.0
24274.0
20423.0
19327.0
18657.0
19343.0
18328.0
19803.0
18097.0
19383.0
24058.0
20620.0
19629.0
19747.0
19747.0
23182.0
21202.0
22038.0
19590.0
22278.0
17268.0
19448.0
17204.0
21863.0
24464.0
15149.0
26534.0
20177.0
19048.0
22563.0
21169.0
21115.0
22263.0
15880.0
18497.0
24378.0
19134.0
19692.0
21581.0
28730.0
23791.0
23791.0
22552.0
19798.0
21720.0
24103.0
18015.0
19997.0
17923.0
21642.0
17532.0
21669.0
19364.0
17001.0
22429.0
18814.0
24054.0
18753.0
21140.0
18080.0
26322.0
19438.0
20238.0
21713.0
18119.0
18349.0
20579.0
21871.0
20862.0
23026.0
24973.0
17993.0
19951.0
22613.0
22613.0
20036.0
22613.0
18386.0
17975.0
17830.0
22189.0
20003.0
19272.0
26113.0
22127.0
21312.0
17303.0
22936.0
21883.0
17881.0
21827.0
22683.0
20474.0
20396.0
20396.0
23823.0
25916.0
18885.0
21154.0
22011.0
21906.0
18443.0
25131.0
20173.0
20665.0
21033.0
22225.0
18022.0
25841.0
20395.0
19818.0
21649.0
22624.0
16513.0
14789.0
19426.0
21490.0
21216.0
22083.0
19760.0
18740.0
27740.0
19446.0
22955.0
20343.0
21942.0
20048.0
19723.0
21484.0
19878.0
16534.0
23004.0
23944.0
19836.0
21835.0
21449.0
21119.0
20780.0
21093.0
24844.0
19327.0
18835.0
23911.0
18955.0
20945.0
23379.0
17617.0
19497.0
22671.0
23824.0
20664.0
20174.0
20077.0
20782.0
18790.0
19247.0
18983.0
19802.0
15953.0
20588.0
20787.0
20505.0
18693.0
17465.0
22589.0
18848.0
17663.0
19110.0
20345.0
17916.0
20345.0
17491.0
21595.0
18601.0
18196.0
23832.0
24573.0
20832.0
16722.0
23047.0
23171.0
18807.0
18170.0
20209.0
24385.0
21630.0
22168.0
22545.0
19462.0
22397.0
18328.0
18535.0
17686.0
16596.0
19336.0
21450.0
22971.0
21590.0
19503.0
18055.0
22045.0
16923.0
21024.0
19419.0
17947.0
19213.0
22338.0
21666.0
24096.0
22734.0
21910.0
23906.0
25342.0
22798.0
21341.0
24151.0
22466.0
26634.0
24035.0
17300.0
22506.0
23490.0
21996.0
21659.0
21138.0
18953.0
19815.0
15956.0
19709.0
22167.0
18133.0
21577.0
23156.0
22639.0
20711.0
22101.0
21185.0
15765.0
23036.0
22746.0
16974.0
23914.0
21271.0
23279.0
22760.0
18862.0
20321.0
20074.0
18030.0
20544.0
18226.0
20796.0
21369.0
25196.0
18454.0
18454.0
26529.0
14885.0
22400.0
21895.0
24058.0
20574.0
29274.0
16924.0
24690.0
17560.0
17535.0
16925.0
19868.0
21868.0
19932.0
24514.0
16788.0
18169.0
22872.0
16984.0
17058.0
20796.0
20306.0
23015.0
20145.0
22216.0
19563.0
26023.0
18566.0
23073.0
19596.0
18598.0
20469.0
21272.0
18194.0
19431.0
19258.0
21619.0
23435.0
20204.0
19131.0
15969.0
21469.0
21044.0
19988.0
22475.0
18601.0
17498.0
23435.0
20556.0
22022.0
23604.0
22825.0
19645.0
22854.0
17424.0
18762.0
17302.0
23202.0
21551.0
21786.0
21603.0
23071.0
18533.0
17987.0
20791.0
20687.0
24887.0
23055.0
25057.0
21916.0
23651.0
16752.0
22477.0
26582.0
16917.0
17509.0
21584.0
21482.0
20903.0
27065.0
21001.0
20447.0
22374.0
20983.0
19061.0
19629.0
19095.0
20773.0
17988.0
20601.0
20513.0
19233.0
21315.0
20412.0
21706.0
17393.0
20794.0
17868.0
17868.0
19786.0
19068.0
18704.0
21219.0
20581.0
27018.0
20804.0
20237.0
20950.0
18385.0
22090.0
26548.0
20087.0
24552.0
17819.0
20093.0
23939.0
21457.0
19766.0
18487.0
28847.0
25153.0
21233.0
18939.0
19880.0
19369.0
19081.0
18732.0
19673.0
21854.0
18615.0
20502.0
23100.0
23084.0
21237.0
20203.0
22669.0
17899.0
21981.0
17904.0
19603.0
18815.0
19598.0
22358.0
21573.0
18280.0
22802.0
20246.0
19794.0
16635.0
19112.0
23344.0
24690.0
20718.0
24429.0
23676.0
24330.0
19258.0
17487.0
23272.0
26919.0
20979.0
19902.0
22370.0
17541.0
18955.0
22228.0
22228.0
20333.0
20051.0
19799.0
19416.0
19013.0
19287.0
17687.0
23856.0
20650.0
24823.0
20799.0
26854.0
23898.0
19011.0
21241.0
24210.0
19046.0
16168.0
20681.0
25283.0
21576.0
18926.0
19117.0
19715.0
20134.0
20818.0
17987.0
19514.0
17947.0
23201.0
20286.0
22513.0
16720.0
20264.0
21367.0
21337.0
24574.0
21788.0
22277.0
18005.0
26442.0
22400.0
20916.0
20700.0
20351.0
21526.0
21477.0
22601.0
18750.0
18988.0
18988.0
28987.0
24880.0
19638.0
19731.0
25271.0
18613.0
20890.0
27037.0
18525.0
25810.0
19588.0
21479.0
19442.0
18609.0
19070.0
19999.0
18609.0
18810.0
19221.0
19221.0
21021.0
20251.0
24248.0
22361.0
24116.0
15487.0
21803.0
17976.0
20618.0
20139.0
22476.0
21411.0
22450.0
27022.0
28889.0
20725.0
23320.0
18533.0
18682.0
20542.0
21415.0
18802.0
20848.0
18702.0
16520.0
22277.0
19636.0
17747.0
22031.0
17384.0
22760.0
24961.0
16881.0
20560.0
24720.0
18033.0
18659.0
18659.0
19190.0
18978.0
19620.0
20129.0
19889.0
20370.0
17474.0
16259.0
20567.0
21680.0
18136.0
20679.0
20258.0
21982.0
24576.0
17565.0
19023.0
25108.0
19809.0
20775.0
21239.0
22564.0
18734.0
24810.0
22032.0
22133.0
20538.0
22784.0
21297.0
25859.0
18199.0
18199.0
23214.0
23614.0
20362.0
19263.0
22183.0
20231.0
18156.0
20141.0
21179.0
21309.0
22474.0
19206.0
20614.0
19301.0
19701.0
22235.0
22306.0
21657.0
16700.0
23703.0
22065.0
18173.0
21754.0
21330.0
18202.0
21514.0
18034.0
21521.0
19360.0
23642.0
18877.0
22008.0
22664.0
17686.0
25430.0
22457.0
20059.0
17558.0
19231.0
18814.0
19463.0
18208.0
19867.0
18371.0
22035.0
20320.0
21459.0
23443.0
22121.0
24811.0
17242.0
19747.0
21219.0
20018.0
15669.0
19855.0
18484.0
21278.0
20719.0
19415.0
20452.0
17836.0
19883.0
16742.0
27488.0
22127.0
18640.0
20092.0
23625.0
16983.0
24530.0
18645.0
25803.0
24558.0
18479.0
23815.0
23859.0
23019.0
23730.0
17957.0
19693.0
18890.0
25655.0
22377.0
18840.0
25953.0
19015.0
21714.0
24338.0
21858.0
21858.0
18992.0
22762.0
19772.0
19481.0
16434.0
21877.0
16178.0
24601.0
18647.0
16271.0
16424.0
23497.0
17704.0
20879.0
24589.0
15426.0
20748.0
16728.0
19017.0
22153.0
20756.0
18517.0
21863.0
18186.0
20756.0
19014.0
22832.0
19800.0
22266.0
22097.0
21085.0
17498.0
17467.0
18965.0
22001.0
20202.0
20202.0
20190.0
19552.0
17837.0
17628.0
22151.0
19222.0
23878.0
21331.0
20929.0
20027.0
18380.0
15305.0
20590.0
23047.0
21019.0
22296.0
16983.0
21587.0
19761.0
19899.0
18544.0
17534.0
20083.0
17835.0
20524.0
18207.0
23346.0
20142.0
21099.0
17884.0
18906.0
18471.0
19468.0
20780.0
21494.0
20087.0
20087.0
17826.0
16635.0
18653.0
16949.0
21348.0
21541.0
20854.0
21186.0
20024.0
17161.0
21409.0
18970.0
20487.0
17009.0
20984.0
17767.0
19812.0
25807.0
17481.0
20463.0
25199.0
19219.0
18700.0
22698.0
18549.0
16528.0
18159.0
26449.0
18831.0
17436.0
20150.0
19482.0
19482.0
19541.0
23267.0
21988.0
23173.0
18899.0
23155.0
20667.0
18497.0
22454.0
20539.0
21913.0
19070.0
19334.0
20541.0
22385.0
18649.0
23401.0
18820.0
19070.0
20803.0
22881.0
21544.0
18514.0
21200.0
17774.0
22722.0
20245.0
17119.0
21641.0
20334.0
23237.0
25265.0
18419.0
19569.0
17980.0
21819.0
20781.0
22526.0
26118.0
17281.0
18401.0
20758.0
20334.0
19781.0
20572.0
16535.0
25040.0
18172.0
22785.0
20393.0
22230.0
24995.0
17333.0
21536.0
20245.0
20780.0
16246.0
19627.0
17558.0
19905.0
21774.0
21835.0
17341.0
17951.0
20948.0
16887.0
19959.0
19034.0
18817.0
17777.0
16102.0
22996.0
18259.0
21052.0
20237.0
18442.0
18784.0
20394.0
20236.0
20811.0
21061.0
18070.0
19621.0
18123.0
19027.0
18692.0
19862.0
19862.0
20248.0
15478.0
18777.0
18414.0
19682.0
21008.0
20164.0
21035.0
19097.0
22200.0
22526.0
20836.0
18678.0
22098.0
18684.0
19193.0
18274.0
23198.0
19213.0
19745.0
20167.0
21992.0
19979.0
24942.0
18587.0
19104.0
21829.0
20466.0
20186.0
15994.0
15020.0
15020.0
17576.0
21580.0
21540.0
21950.0
19895.0
21261.0
20760.0
17311.0
20221.0
18548.0
19999.0
19279.0
17605.0
21833.0
20435.0
19437.0
22771.0
16932.0
21242.0
19804.0
19840.0
14616.0
16793.0
21103.0
21493.0
18906.0
18652.0
19178.0
18913.0
17377.0
19002.0
22418.0
19007.0
19007.0
18254.0
25188.0
19225.0
21414.0
17762.0
20699.0
19372.0
20773.0
20294.0
25707.0
20093.0
22632.0
24191.0
22056.0
26256.0
17929.0
21920.0
17325.0
18879.0
18793.0
20832.0
21859.0
20043.0
18872.0
25779.0
18595.0
21314.0
18670.0
19782.0
19756.0
21201.0
21238.0
20533.0
21518.0
21960.0
17124.0
20700.0
21787.0
23815.0
21286.0
20198.0
21941.0
20055.0
15772.0
18500.0
20050.0
21080.0
22783.0
20907.0
19085.0
19700.0
21182.0
23526.0
23080.0
17871.0
18065.0
17822.0
18891.0
16778.0
17470.0
15805.0
19331.0
19410.0
21123.0
19212.0
19293.0
19351.0
17458.0
17223.0
17740.0
18926.0
22635.0
20846.0
21451.0
15324.0
22665.0
17344.0
17886.0
18404.0
18404.0
20301.0
21679.0
21374.0
16131.0
18644.0
19079.0
16870.0
18501.0
21824.0
20774.0
21266.0
19716.0
19479.0
22798.0
20206.0
24083.0
23182.0
16337.0
18177.0
15708.0
19021.0
16258.0
17983.0
22159.0
22259.0
19429.0
18534.0
23831.0
18414.0
18610.0
20862.0
20862.0
26532.0
19260.0
20847.0
21786.0
21260.0
17112.0
16300.0
19127.0
18493.0
20288.0
23312.0
20318.0
19903.0
19717.0
17832.0
19344.0
17019.0
18348.0
16327.0
23312.0
23271.0
22678.0
20006.0
18460.0
18818.0
15966.0
18569.0
25216.0
19545.0
18670.0
19795.0
22755.0
21795.0
20093.0
18043.0
19805.0
20040.0
16936.0
18869.0
22118.0
21656.0
18918.0
18654.0
21978.0
22413.0
22688.0
21496.0
21432.0
21906.0
17006.0
19684.0
21120.0
16114.0
20125.0
21783.0
20777.0
17728.0
16479.0
20928.0
22593.0
22710.0
23083.0
20775.0
18145.0
25270.0
22899.0
20625.0
15017.0
20357.0
21192.0
23255.0
23345.0
19084.0
25087.0
20925.0
20925.0
18708.0
19905.0
20389.0
24519.0
18268.0
16247.0
21720.0
21017.0
21673.0
17849.0
21858.0
17976.0
18934.0
19621.0
23966.0
19202.0
17509.0
22998.0
22509.0
21990.0
23032.0
20663.0
23913.0
23060.0
18373.0
20089.0
21748.0
20117.0
16700.0
18980.0
14745.0
19739.0
17759.0
23291.0
19303.0
16105.0
17789.0
18318.0
17762.0
19380.0
18743.0
18477.0
18009.0
24722.0
18243.0
18710.0
19300.0
18809.0
21447.0
18353.0
17178.0
20306.0
18470.0
19471.0
19471.0
23264.0
19610.0
20190.0
21287.0
20441.0
18928.0
22672.0
15142.0
17231.0
19245.0
18274.0
22611.0
20487.0
17473.0
21122.0
18199.0
24054.0
17288.0
19285.0
21330.0
18982.0
20911.0
18645.0
22124.0
20700.0
22599.0
19128.0
18346.0
19828.0
15496.0
19830.0
17100.0
21411.0
28733.0
17992.0
18403.0
24369.0
18526.0
23304.0
23279.0
22146.0
21176.0
18255.0
20323.0
18861.0
21648.0
19561.0
18990.0
20082.0
23663.0
22725.0
20819.0
27641.0
19244.0
20893.0
17784.0
23520.0
18410.0
16827.0
22293.0
18262.0
19318.0
15601.0
24908.0
18718.0
22836.0
24895.0
18448.0
21683.0
18713.0
18170.0
19573.0
19251.0
20950.0
21137.0
22111.0
19454.0
18190.0
19265.0
16965.0
15423.0
19080.0
20909.0
23000.0
26012.0
17886.0
18343.0
19064.0
20048.0
22971.0
24163.0
20968.0
19406.0
19246.0
16248.0
18285.0
21831.0
21181.0
18833.0
21827.0
25188.0
21372.0
21314.0
18980.0
20499.0
21035.0
20315.0
19173.0
22966.0
22385.0
20987.0
18906.0
17132.0
17334.0
18814.0
17783.0
20466.0
23511.0
24148.0
19548.0
22138.0
22294.0
19337.0
17330.0
21944.0
25636.0
22225.0
17869.0
22202.0
21713.0
19968.0
18182.0
18276.0
23165.0
21520.0
23660.0
19641.0
18857.0
18857.0
24174.0
23082.0
21142.0
19293.0
18742.0
21538.0
21474.0
18818.0
23055.0
21292.0
18449.0
19817.0
21865.0
20230.0
18034.0
25459.0
20033.0
20251.0
23737.0
19959.0
23145.0
20240.0
19557.0
21471.0
20395.0
23330.0
21026.0
18650.0
20084.0
17711.0
23132.0
20009.0
20630.0
17597.0
18156.0
21490.0
23124.0
23624.0
19289.0
19268.0
21699.0
21385.0
19617.0
19265.0
22668.0
18145.0
20980.0
17513.0
21849.0
19042.0
22344.0
18462.0
21154.0
22175.0
21025.0
21437.0
23749.0
23512.0
20443.0
19634.0
23674.0
18693.0
21174.0
21108.0
18857.0
17098.0
23480.0
20283.0
19492.0
26334.0
19224.0
19392.0
16881.0
17191.0
19064.0
19596.0
21638.0
19808.0
19067.0
21772.0
21858.0
19307.0
20917.0
28141.0
21253.0
21361.0
17429.0
23090.0
23108.0
21169.0
24230.0
23526.0
22284.0
17766.0
23324.0
21603.0
16327.0
17380.0
19952.0
18330.0
18681.0
23037.0
21841.0
18226.0
19496.0
18193.0
20039.0
20860.0
19914.0
16847.0
24380.0
18679.0
20621.0
20626.0
17399.0
23638.0
18438.0
23819.0
20737.0
23190.0
18505.0
20538.0
22756.0
19039.0
17968.0
19456.0
19038.0
19484.0
20479.0
20288.0
20456.0
24443.0
19835.0
23979.0
18389.0
21680.0
20337.0
19311.0
23528.0
20898.0
20160.0
23487.0
17493.0
23309.0
17926.0
20256.0
22287.0
26848.0
22895.0
19736.0
17095.0
20047.0
23608.0
22323.0
19915.0
21370.0
18773.0
23058.0
19300.0
22727.0
19335.0
24734.0
21106.0
23686.0
18117.0
17507.0
23091.0
18586.0
18160.0
17567.0
21343.0
19633.0
23087.0
22228.0
20357.0
18956.0
17767.0
22231.0
26067.0
16668.0
19653.0
21391.0
18869.0
21680.0
24614.0
22108.0
22996.0
22859.0
26231.0
18791.0
20159.0
23717.0
21227.0
19047.0
16436.0
20774.0
23041.0
18322.0
21890.0
20185.0
19175.0
20645.0
24113.0
20703.0
18356.0
21982.0
28801.0
22235.0
19768.0
18429.0
20514.0
22868.0
19694.0
17322.0
22032.0
18616.0
19007.0
18425.0
20262.0
20654.0
23428.0
19505.0
23180.0
21446.0
22620.0
18197.0
25154.0
21066.0
23435.0
20131.0
25120.0
18500.0
23013.0
17340.0
17441.0
22913.0
17898.0
19556.0
25932.0
20529.0
22625.0
22898.0
20397.0
16596.0
22374.0
19873.0
16670.0
19528.0
18874.0
19015.0
20181.0
20929.0
23957.0
21195.0
20363.0
20826.0
18960.0
22915.0
22770.0
20655.0
22720.0
20254.0
21722.0
20175.0
17853.0
20914.0
20471.0
17662.0
16920.0
15946.0
21151.0
19144.0
18351.0
20549.0
19142.0
21033.0
21033.0
24107.0
19636.0
18370.0
19605.0
22692.0
17023.0
18294.0
17459.0
17408.0
20322.0
17166.0
25613.0
24873.0
21360.0
18183.0
21489.0
17889.0
20743.0
21303.0
21126.0
19684.0
22528.0
24235.0
22058.0
18000.0
20965.0
17728.0
19836.0
18127.0
19793.0
25294.0
22548.0
17085.0
23384.0
20464.0
17699.0
25045.0
24821.0
17887.0
18356.0
18481.0
23102.0
22154.0
18263.0
20962.0
23028.0
22770.0
20101.0
19069.0
22938.0
20626.0
23235.0
22792.0
23207.0
25206.0
19888.0
24627.0
20831.0
23988.0
26056.0
17889.0
17889.0
23797.0
18370.0
20989.0
18539.0
17853.0
19481.0
17077.0
23392.0
21441.0
24225.0
20249.0
19827.0
21540.0
16091.0
23457.0
18443.0
19655.0
15943.0
18609.0
19590.0
21440.0
16368.0
19676.0
17602.0
20648.0
22971.0
16625.0
20141.0
24772.0
21386.0
20102.0
22912.0
26104.0
22800.0
18645.0
18388.0
19409.0
20938.0
19833.0
22078.0
22317.0
19775.0
20637.0
21674.0
21830.0
21311.0
16795.0
18310.0
19342.0
17641.0
24043.0
20498.0
19913.0
21896.0
18879.0
19740.0
25561.0
18711.0
18273.0
21338.0
20195.0
20232.0
20604.0
18591.0
22931.0
22480.0
17080.0
18292.0
19809.0
22571.0
15936.0
19101.0
19494.0
19443.0
17627.0
18834.0
21013.0
21642.0
21921.0
16154.0
18976.0
24047.0
21257.0
20935.0
16167.0
19664.0
20401.0
25627.0
18277.0
22079.0
19191.0
20827.0
19938.0
21228.0
22611.0
19589.0
20846.0
25095.0
20960.0
21198.0
20137.0
20988.0
17217.0
21733.0
20705.0
21112.0
20909.0
18054.0
17150.0
21801.0
17638.0
20292.0
22558.0
19568.0
17941.0
18580.0
23996.0
19854.0
20561.0
25158.0
18347.0
19838.0
18311.0
15999.0
19171.0
17128.0
19141.0
19803.0
18153.0
19183.0
20603.0
19279.0
22390.0
19656.0
17535.0
23524.0
28326.0
20171.0
18147.0
28904.0
20701.0
22104.0
27565.0
18711.0
20698.0
27578.0
23256.0
22166.0
24592.0
23033.0
18083.0
18874.0
23926.0
17634.0
22432.0
22432.0
21874.0
18160.0
21405.0
22242.0
25413.0
22240.0
18512.0
20910.0
22039.0
19794.0
21858.0
20420.0
20432.0
18824.0
23805.0
17372.0
21930.0
25162.0
18266.0
21759.0
19861.0
17937.0
15376.0
19396.0
19935.0
22788.0
21803.0
17369.0
20856.0
18305.0
18724.0
18809.0
18746.0
21979.0
21837.0
18625.0
16691.0
22468.0
27927.0
19362.0
21447.0
21787.0
21543.0
22877.0
19449.0
21295.0
20093.0
20528.0
21695.0
17051.0
22736.0
20942.0
16740.0
18769.0
25465.0
19960.0
19766.0
19416.0
21718.0
16771.0
18359.0
17957.0
19796.0
20262.0
19624.0
19120.0
19230.0
23515.0
18331.0
22022.0
18069.0
20105.0
16619.0
21758.0
16964.0
15653.0
19864.0
18432.0
17923.0
22013.0
18036.0
18036.0
23915.0
17989.0
24162.0
22926.0
22269.0
19223.0
19376.0
19754.0
18525.0
17864.0
20958.0
22913.0
21850.0
25085.0
15717.0
22404.0
22404.0
30591.0
22924.0
17404.0
17280.0
19711.0
23813.0
19471.0
21445.0
15442.0
20666.0
21270.0
18028.0
23492.0
24279.0
19345.0
18104.0
19649.0
19601.0
17972.0
20479.0
23019.0
15019.0
21692.0
22163.0
19841.0
18486.0
20648.0
23020.0
23751.0
21242.0
19670.0
23153.0
22273.0
21918.0
18718.0
17231.0
24009.0
19774.0
18625.0
21260.0
21260.0
20750.0
19854.0
20553.0
22002.0
20313.0
21621.0
16987.0
23936.0
18748.0
22149.0
21093.0
20155.0
18098.0
18552.0
20343.0
19278.0
20028.0
18953.0
19596.0
17034.0
18930.0
19407.0
17392.0
21108.0
17440.0
19274.0
18741.0
17589.0
19885.0
17511.0
18037.0
19839.0
20623.0
20031.0
15654.0
15472.0
16373.0
18084.0
15021.0
17420.0
17927.0
22580.0
20169.0
20159.0
19400.0
21814.0
20845.0
21722.0
23051.0
21398.0
19111.0
21502.0
18736.0
19143.0
24643.0
16034.0
23148.0
18581.0
23152.0
20593.0
20085.0
16999.0
19772.0
18368.0
23660.0
20090.0
19874.0
26597.0
20840.0
18071.0
19819.0
23780.0
22405.0
21391.0
19259.0
20210.0
21114.0
21051.0
23065.0
20669.0
27015.0
19816.0
20898.0
18355.0
25504.0
21251.0
21251.0
18543.0
17220.0
19283.0
17944.0
18560.0
18776.0
17485.0
21370.0
19039.0
23142.0
17973.0
23118.0
26804.0
18165.0
19625.0
17893.0
20911.0
16781.0
20104.0
20906.0
19121.0
16467.0
17768.0
17250.0
17680.0
18279.0
19893.0
18279.0
23093.0
17949.0
21926.0
21554.0
24346.0
18737.0
20226.0
21449.0
18087.0
21160.0
22563.0
19023.0
18388.0
17458.0
21558.0
16583.0
19676.0
25996.0
18937.0
22747.0
26892.0
18495.0
20143.0
18720.0
23338.0
19642.0
21304.0
17819.0
19803.0
20184.0
20244.0
21648.0
17346.0
17559.0
20184.0
20583.0
19862.0
21564.0
16710.0
23400.0
18226.0
19264.0
18764.0
19084.0
19899.0
18156.0
20570.0
23421.0
18002.0
22846.0
19928.0
19928.0
19609.0
15955.0
20677.0
23168.0
19235.0
16955.0
19070.0
16393.0
16393.0
19045.0
25080.0
19288.0
17343.0
18099.0
16970.0
20030.0
18918.0
20982.0
14183.0
18036.0
19627.0
17239.0
18784.0
17684.0
21029.0
17995.0
21723.0
21795.0
22706.0
23769.0
23846.0
21769.0
23905.0
18747.0
18942.0
18832.0
17560.0
20075.0
15760.0
20469.0
20486.0
20439.0
20630.0
18685.0
24686.0
20238.0
23666.0
19774.0
19671.0
16328.0
17730.0
22373.0
21095.0
19794.0
16137.0
16784.0
21292.0
20284.0
20969.0
21970.0
23641.0
15329.0
21786.0
17973.0
21381.0
19548.0
17797.0
19482.0
19626.0
25160.0
18911.0
19133.0
18096.0
17385.0
24361.0
18837.0
22127.0
21399.0
20155.0
17451.0
17451.0
19823.0
21978.0
22126.0
17924.0
16218.0
16158.0
18815.0
20156.0
19794.0
21663.0
20008.0
19115.0
20698.0
18535.0
22900.0
21383.0
21661.0
17849.0
20919.0
24070.0
19348.0
17252.0
20255.0
23815.0
21076.0
17657.0
21335.0
18237.0
19676.0
16827.0
20331.0
20087.0
22544.0
16282.0
20530.0
15240.0
18606.0
18960.0
17975.0
16599.0
17841.0
20590.0
16237.0
19097.0
16302.0
22318.0
21158.0
21765.0
14604.0
20203.0
21847.0
19038.0
22311.0
17108.0
18908.0
22559.0
19333.0
22975.0
17947.0
20383.0
20135.0
19807.0
18960.0
16993.0
22520.0
17295.0
20753.0
20651.0
23344.0
23928.0
17904.0
18390.0
22537.0
21839.0
22308.0
21020.0
19673.0
23347.0
22724.0
17861.0
22011.0
15777.0
20763.0
20321.0
26193.0
20833.0
19311.0
23386.0
18362.0
21402.0
22438.0
21602.0
19464.0
21667.0
19742.0
18591.0
18041.0
18120.0
18043.0
16145.0
17678.0
15310.0
17848.0
20462.0
23184.0
21571.0
18301.0
20389.0
18810.0
23718.0
19475.0
23648.0
22356.0
23504.0
17367.0
21166.0
20487.0
20149.0
17617.0
17617.0
19418.0
16859.0
21467.0
19405.0
23056.0
19475.0
23503.0
20122.0
20846.0
17389.0
21605.0
16643.0
19050.0
18028.0
21624.0
15893.0
20221.0
20686.0
20466.0
20901.0
17925.0
19776.0
19850.0
20516.0
21849.0
17393.0
19482.0
19115.0
21540.0
23209.0
22776.0
24028.0
22272.0
23718.0
23934.0
21253.0
22726.0
21923.0
16160.0
18309.0
21645.0
20319.0
20319.0
21896.0
22730.0
19583.0
21642.0
20005.0
21753.0
18546.0
22279.0
21771.0
24452.0
20395.0
20248.0
23271.0
20778.0
22322.0
21812.0
18913.0
22841.0
24282.0
22224.0
17567.0
22710.0
19971.0
16582.0
17544.0
21325.0
18211.0
17233.0
21730.0
19989.0
21310.0
17618.0
23227.0
18530.0
24442.0
20051.0
23598.0
20131.0
19997.0
25314.0
19067.0
15401.0
15401.0
19612.0
21099.0
20345.0
19643.0
18638.0
20264.0
20382.0
19590.0
20374.0
23598.0
20409.0
21980.0
17301.0
20657.0
19872.0
18425.0
13971.0
20562.0
19316.0
23648.0
23648.0
20215.0
21374.0
18439.0
19810.0
18030.0
19750.0
15809.0
18722.0
22185.0
17015.0
19817.0
21763.0
20978.0
24230.0
19108.0
17514.0
17396.0
18901.0
17862.0
19970.0
19156.0
22104.0
21497.0
18429.0
17530.0
17320.0
20795.0
20939.0
18577.0
16115.0
17608.0
14867.0
18100.0
23017.0
16764.0
19762.0
18537.0
15526.0
23228.0
20187.0
20376.0
22579.0
17934.0
18655.0
20805.0
23730.0
18654.0
21807.0
18503.0
16848.0
19257.0
19575.0
20538.0
23242.0
20133.0
21024.0
20478.0
19394.0
18578.0
18250.0
22675.0
21311.0
17994.0
22619.0
16025.0
18911.0
23328.0
22804.0
21425.0
20712.0
21994.0
22552.0
21524.0
16075.0
21857.0
19054.0
18924.0
17207.0
18672.0
20481.0
22771.0
18415.0
23618.0
18977.0
19488.0
21644.0
20536.0
19703.0
23406.0
19487.0
22488.0
23618.0
19253.0
23114.0
22692.0
16180.0
25156.0
16000.0
19017.0
22164.0
17980.0
19434.0
19044.0
19274.0
18065.0
21611.0
19516.0
18415.0
22472.0
17715.0
22090.0
21848.0
22155.0
17236.0
17236.0
20306.0
20321.0
22345.0
19837.0
20860.0
22016.0
18600.0
20256.0
20159.0
18986.0
24043.0
17908.0
16779.0
16491.0
18258.0
17153.0
24176.0
22007.0
22281.0
22644.0
18957.0
18047.0
23271.0
19082.0
19378.0
21838.0
23107.0
18716.0
23638.0
21793.0
21251.0
20013.0
24844.0
25375.0
23971.0
21276.0
16329.0
17682.0
17700.0
21616.0
19240.0
17792.0
24151.0
17839.0
17780.0
22737.0
23388.0
20907.0
21463.0
19588.0
19367.0
23447.0
20728.0
19134.0
23544.0
29448.0
18655.0
20691.0
21567.0
21713.0
20764.0
21405.0
23219.0
18840.0
19898.0
17277.0
19162.0
20157.0
18515.0
20904.0
19417.0
20594.0
22535.0
20077.0
19398.0
18471.0
17480.0
25108.0
20993.0
24081.0
23488.0
23139.0
26986.0
17844.0
18579.0
17785.0
18797.0
19179.0
20985.0
21784.0
22385.0
21317.0
16522.0
19293.0
20340.0
18424.0
19801.0
20049.0
22340.0
19035.0
21589.0
19849.0
17338.0
23008.0
20330.0
25187.0
14806.0
20128.0
20381.0
16975.0
22902.0
21557.0
25320.0
20683.0
22256.0
18303.0
21555.0
21288.0
27831.0
18823.0
23562.0
24762.0
21608.0
19593.0
17758.0
20376.0
24580.0
21921.0
20325.0
21426.0
22585.0
19765.0
19995.0
17841.0
18564.0
29257.0
19560.0
16841.0
23885.0
21393.0
25549.0
24871.0
19931.0
21125.0
21279.0
15892.0
15580.0
18763.0
14838.0
21078.0
19597.0
24507.0
28892.0
24524.0
19408.0
17185.0
22209.0
18825.0
23580.0
18794.0
23983.0
23587.0
17717.0
19568.0
20566.0
20780.0
19413.0
21361.0
22309.0
19462.0
20195.0
20170.0
20456.0
16350.0
23979.0
21382.0
18452.0
22027.0
18527.0
25972.0
24159.0
21332.0
17506.0
23449.0
17808.0
18871.0
19922.0
19655.0
17888.0
22030.0
19547.0
20662.0
21888.0
23686.0
19896.0
23992.0
17143.0
21476.0
24416.0
19215.0
22723.0
16814.0
21398.0
18968.0
24048.0
23431.0
19956.0
19063.0
20418.0
18980.0
15752.0
17922.0
16865.0
21424.0
15919.0
19583.0
21294.0
18224.0
20635.0
19967.0
22874.0
20221.0
20688.0
20934.0
22475.0
19724.0
23668.0
20893.0
17243.0
22225.0
23596.0
19652.0
16755.0
25674.0
16430.0
20044.0
16663.0
21549.0
22065.0
21599.0
18869.0
23025.0
16789.0
19421.0
19863.0
24826.0
17842.0
17468.0
16624.0
16707.0
20580.0
18514.0
18088.0
21571.0
19356.0
19775.0
19782.0
18704.0
21297.0
19045.0
17791.0
21422.0
28902.0
19431.0
20146.0
18048.0
19303.0
18459.0
19375.0
19893.0
18215.0
23373.0
19149.0
21052.0
19168.0
19745.0
22387.0
19727.0
24249.0
19248.0
20127.0
18508.0
21347.0
20991.0
20867.0
18593.0
25728.0
24720.0
19562.0
21501.0
21687.0
20058.0
22892.0
18979.0
21557.0
19647.0
22655.0
16632.0
18579.0
20690.0
17674.0
21713.0
20647.0
18414.0
18246.0
18529.0
17867.0
18944.0
19551.0
15867.0
17767.0
19220.0
22724.0
20044.0
17275.0
22359.0
21752.0
19694.0
21554.0
17132.0
15033.0
20696.0
16456.0
19187.0
17615.0
22918.0
18886.0
23631.0
19212.0
18015.0
21457.0
18333.0
17860.0
20333.0
20030.0
18586.0
19475.0
23543.0
19418.0
20349.0
19426.0
25371.0
18238.0
16103.0
23330.0
19277.0
23389.0
24055.0
22027.0
20576.0
22026.0
18720.0
19036.0
22201.0
18727.0
23295.0
22419.0
18486.0
20647.0
23047.0
25481.0
20253.0
23788.0
19879.0
21348.0
22912.0
20234.0
21326.0
19197.0
17991.0
24756.0
19658.0
20435.0
23061.0
21553.0
18916.0
19244.0
21679.0
23005.0
19128.0
25789.0
14290.0
18523.0
19486.0
21525.0
17674.0
25483.0
16284.0
19230.0
18286.0
17815.0
18138.0
18035.0
19192.0
18748.0
23634.0
23394.0
22619.0
17851.0
16999.0
16999.0
18514.0
18502.0
19485.0
23609.0
20944.0
22090.0
17235.0
17483.0
16180.0
20001.0
19242.0
18880.0
21321.0
20810.0
19429.0
25172.0
18585.0
17391.0
17294.0
25309.0
21214.0
20035.0
17422.0
19583.0
18968.0
19580.0
21558.0
18833.0
18549.0
20227.0
18850.0
27027.0
18335.0
19740.0
18858.0
19197.0
18282.0
22516.0
20723.0
17848.0
20151.0
20143.0
21682.0
21739.0
17448.0
21927.0
18857.0
20680.0
22451.0
16939.0
17011.0
20691.0
18506.0
18680.0
21032.0
21066.0
21585.0
19979.0
21149.0
19962.0
20229.0
25032.0
18766.0
18302.0
22666.0
20265.0
21963.0
22056.0
21079.0
22956.0
21184.0
22864.0
19028.0
20777.0
20666.0
22065.0
19988.0
24516.0
18457.0
21547.0
21547.0
17599.0
18672.0
19742.0
21593.0
20249.0
13990.0
19476.0
17343.0
21105.0
18669.0
17488.0
17946.0
18614.0
20360.0
19837.0
19489.0
23731.0
23172.0
16041.0
21860.0
21849.0
18956.0
18923.0
16796.0
21460.0
21544.0
19119.0
19948.0
20269.0
19494.0
20928.0
21082.0
23290.0
24881.0
21477.0
16207.0
20133.0
19642.0
20754.0
24073.0
25046.0
21906.0
18108.0
19744.0
20932.0
21794.0
20151.0
21263.0
18683.0
17351.0
22604.0
22458.0
18652.0
22650.0
19600.0
19735.0
24624.0
15611.0
16162.0
18537.0
17747.0
17896.0
17525.0
19122.0
20056.0
21202.0
19206.0
20659.0
19038.0
17184.0
16141.0
23863.0
17642.0
19458.0
16487.0
21781.0
20621.0
16958.0
22986.0
15099.0
17387.0
20848.0
18832.0
17325.0
21456.0
19285.0
21604.0
17533.0
22493.0
19492.0
21181.0
21615.0
17271.0
19354.0
18253.0
18512.0
18944.0
20123.0
19783.0
22357.0
22208.0
20570.0
20226.0
19205.0
18181.0
18329.0
21972.0
21018.0
18467.0
21507.0
19315.0
25015.0
21775.0
16729.0
22219.0
20838.0
18181.0
21115.0
23041.0
19890.0
16811.0
20665.0
20892.0
18990.0
18678.0
19420.0
19128.0
21430.0
25450.0
17462.0
21220.0
19080.0
20767.0
25723.0
18942.0
17428.0
21184.0
18778.0
18892.0
19262.0
20666.0
23526.0
18950.0
16237.0
21733.0
21360.0
17003.0
24992.0
19581.0
19874.0
19327.0
20922.0
20917.0
21940.0
24588.0
21255.0
23158.0
21799.0
20662.0
17650.0
15300.0
21909.0
17803.0
21181.0
23122.0
18984.0
18482.0
18316.0
19119.0
23057.0
18579.0
18567.0
17727.0
20804.0
21023.0
24277.0
24277.0
18740.0
20847.0
24919.0
18388.0
18750.0
20027.0
20664.0
21561.0
21016.0
21143.0
17159.0
15843.0
16574.0
18314.0
19882.0
23696.0
19270.0
18737.0
18423.0
20888.0
15841.0
15841.0
19531.0
22276.0
17827.0
17435.0
17949.0
23018.0
20101.0
21384.0
21036.0
22623.0
24534.0
17118.0
22363.0
19659.0
18593.0
17624.0
19479.0
19012.0
25590.0
18422.0
27193.0
14412.0
22381.0
21412.0
21521.0
20508.0
20398.0
23565.0
21443.0
18079.0
18079.0
21923.0
22953.0
20245.0
23084.0
16732.0
26413.0
21027.0
29589.0
18290.0
26334.0
21754.0
23623.0
18459.0
21757.0
21923.0
21806.0
20074.0
17885.0
18655.0
21108.0
17728.0
23968.0
17065.0
18440.0
23151.0
17830.0
23654.0
19639.0
21656.0
17143.0
20061.0
19713.0
19418.0
21119.0
25510.0
21322.0
21077.0
21033.0
21360.0
21169.0
27571.0
28039.0
19771.0
23590.0
23837.0
23136.0
24266.0
22620.0
20535.0
19880.0
19793.0
27406.0
20995.0
24102.0
16715.0
21232.0
20888.0
23925.0
19579.0
21449.0
18199.0
17755.0
22433.0
19262.0
20285.0
17562.0
18601.0
19475.0
17409.0
19504.0
18486.0
18235.0
20264.0
17054.0
22141.0
20758.0
17638.0
17155.0
25858.0
19968.0
20348.0
23189.0
15831.0
21304.0
20476.0
21867.0
18814.0
19196.0
20485.0
22027.0
22250.0
21303.0
17228.0
17642.0
22688.0
24009.0
19480.0
21759.0
19776.0
20482.0
19348.0
18806.0
23652.0
23655.0
25440.0
15988.0
21062.0
21224.0
19741.0
19151.0
21451.0
22178.0
19059.0
18406.0
19492.0
18234.0
24061.0
19993.0
19156.0
22947.0
22086.0
19664.0
24583.0
21523.0
18269.0
16847.0
23974.0
23143.0
18320.0
16418.0
20201.0
20699.0
20382.0
21597.0
20282.0
19459.0
21345.0
19106.0
20082.0
20011.0
20793.0
21856.0
19294.0
17613.0
20674.0
19166.0
20554.0
23809.0
23335.0
17557.0
22548.0
15587.0
18023.0
17147.0
23239.0
19460.0
19396.0
18416.0
17714.0
16862.0
23531.0
17061.0
22342.0
19923.0
17683.0
23802.0
24045.0
25020.0
21202.0
19537.0
20463.0
20463.0
18934.0
22565.0
18794.0
19401.0
24673.0
21731.0
21585.0
19136.0
21390.0
19044.0
18567.0
25608.0
20121.0
15911.0
18999.0
19232.0
19760.0
18345.0
18370.0
20065.0
18588.0
19297.0
21705.0
21081.0
19825.0
24005.0
20694.0
22000.0
20848.0
22909.0
19207.0
20031.0
19542.0
19120.0
20542.0
17494.0
20670.0
18419.0
23732.0
21352.0
23503.0
22506.0
21549.0
18375.0
21787.0
20191.0
23197.0
16930.0
17810.0
23824.0
19011.0
23482.0
19035.0
21912.0
19088.0
18891.0
19566.0
18995.0
16460.0
18477.0
19120.0
20653.0
24122.0
19050.0
16790.0
21790.0
17190.0
24205.0
17174.0
23072.0
22619.0
17288.0
16612.0
23991.0
21644.0
20267.0
20311.0
19683.0
21552.0
23643.0
17607.0
20131.0
20480.0
17284.0
15874.0
18164.0
22182.0
17713.0
22635.0
24163.0
19602.0
17548.0
18259.0
19859.0
21956.0
20078.0
17383.0
18525.0
19548.0
19090.0
17423.0
18788.0
18608.0
20825.0
21819.0
17947.0
17947.0
18272.0
18856.0
20778.0
23708.0
17575.0
21234.0
18530.0
22607.0
29129.0
21228.0
23340.0
18397.0
21490.0
19272.0
20300.0
18483.0
22863.0
19682.0
19895.0
19019.0
19664.0
21741.0
23145.0
17572.0
21861.0
21728.0
19550.0
20317.0
17873.0
19495.0
21769.0
21813.0
15699.0
20461.0
25139.0
18773.0
18745.0
19774.0
22563.0
19954.0
23271.0
20835.0
27679.0
19825.0
19672.0
17556.0
23193.0
15272.0
19471.0
19456.0
21341.0
22511.0
18323.0
19857.0
16186.0
21843.0
19444.0
19273.0
20796.0
23394.0
20311.0
16773.0
22604.0
17367.0
21409.0
22983.0
18978.0
23695.0
18612.0
23680.0
16711.0
