92.0
0.0
0.0
0.0
0.0
0.0
0.0
0.0
0.0
0.0
0.0
0.0
0.0
0.0
0.0
0.0
0.0
0.0
0.0
0.0
0.0
0.0
0.0
0.0
0.0
0.0
0.0
0.0
0.0
0.0
0.0
0.0
0.0
0.0
0.0
0.0
0.0
0.0
0.0
0.0
0.0
0.0
0.0
0.0
0.0
0.0
0.0
0.0
0.0
0.0
0.0
0.0
0.0
0.0
0.0
0.0
0.0
0.0
391.0
80.0
78.0
96.0
0.0
96.0
74.0
209.0
88.0
0.0
105.0
79.0
89.0
423.0
222.0
277.0
283.0
351.0
90.0
98.0
219.0
119.0
392.0
530.0
525.0
938.0
711.0
865.0
959.0
743.0
769.0
773.0
1036.0
1154.0
1518.0
1845.0
3289.0
4125.0
4307.0
4311.0
4553.0
4825.0
5069.0
0.0
0.0
0.0
0.0
0.0
0.0
