70.6
0.0
0.0
0.0
0.0
0.0
0.0
0.0
0.0
0.0
0.0
0.0
0.0
0.0
0.0
0.0
0.0
0.0
0.0
0.0
0.0
0.0
0.0
0.0
0.0
0.0
0.0
0.0
0.0
0.0
0.0
0.0
0.0
0.0
0.0
0.0
0.0
0.0
0.0
0.0
0.0
0.0
0.0
0.0
0.0
0.0
0.0
0.0
0.0
0.0
0.0
0.0
0.0
0.0
0.0
0.0
0.0
0.0
173.86
80.0
65.25
96.0
0.0
72.25
64.83
89.0
70.61
0.0
72.55
70.17
88.5
142.74
78.57
95.84
95.04
186.84
66.0
69.73
97.67
73.45
251.3
383.62
433.59
657.35
651.98
709.96
712.28
647.91
730.31
730.48
883.63
1064.8
1334.86
1633.16
2829.5
3788.26
3999.76
4188.46
4442.41
4739.63
4955.72
0.0
0.0
0.0
0.0
0.0
0.0
