89.0
98.0
90.0
90.0
90.0
89.0
89.0
90.0
92.0
90.0
118.0
118.0
261.0
104.0
104.0
104.0
113.0
104.0
103.0
103.0
104.0
131.0
104.0
104.0
144.0
104.0
116.0
104.0
104.0
109.0
109.0
103.0
107.0
104.0
103.0
106.0
104.0
103.0
113.0
108.0
103.0
104.0
105.0
103.0
103.0
274.0
103.0
108.0
103.0
104.0
104.0
104.0
160.0
105.0
103.0
107.0
104.0
104.0
192.0
121.0
103.0
104.0
105.0
104.0
103.0
109.0
104.0
139.0
280.0
103.0
110.0
104.0
104.0
111.0
107.0
106.0
106.0
110.0
105.0
107.0
105.0
113.0
106.0
106.0
105.0
105.0
120.0
106.0
319.0
112.0
107.0
187.0
106.0
119.0
106.0
104.0
115.0
104.0
104.0
105.0
107.0
106.0
106.0
105.0
228.0
106.0
106.0
