90.0
0.0
0.0
0.0
0.0
0.0
4310.0
230.0
78.0
90.0
95.0
279.0
75.0
130.0
135.0
108.0
67.0
131.0
97.0
73.0
109.0
88.0
179.0
134.0
90.0
103.0
102.0
209.0
71.0
244.0
117.0
97.0
71.0
99.0
140.0
74.0
72.0
674.0
75.0
68.0
173.0
92.0
245.0
106.0
69.0
194.0
91.0
244.0
72.0
104.0
85.0
69.0
169.0
67.0
98.0
216.0
66.0
122.0
73.0
260.0
105.0
75.0
92.0
129.0
101.0
236.0
75.0
201.0
64.0
80.0
116.0
215.0
121.0
197.0
102.0
67.0
65.0
85.0
128.0
204.0
79.0
66.0
116.0
81.0
242.0
110.0
245.0
197.0
85.0
124.0
94.0
67.0
101.0
75.0
239.0
69.0
107.0
176.0
71.0
72.0
138.0
78.0
73.0
108.0
96.0
71.0
94.0
