90.0
0.0
0.0
0.0
0.0
0.0
2562.18
92.7
68.1
67.2
68.0
122.5
65.5
77.0
74.8
72.44
64.1
77.5
72.1
64.2
73.18
68.8
77.18
78.9
68.89
73.33
70.33
107.57
64.5
104.44
76.4
67.6
64.5
66.9
83.2
65.0
64.9
124.82
64.4
65.0
80.1
66.0
80.0
76.3
64.5
79.78
70.3
94.44
68.0
75.1
67.11
65.6
79.7
64.4
69.1
86.0
64.8
74.8
63.8
90.3
74.44
70.7
74.9
78.33
70.5
96.44
71.2
114.4
62.8
64.7
69.78
99.83
77.9
86.3
73.7
64.7
63.22
68.2
75.78
82.09
66.8
62.7
73.3
65.2
97.0
74.3
92.0
95.09
71.2
77.44
73.1
65.7
69.82
67.8
93.7
66.5
77.3
94.8
69.44
69.9
80.8
70.5
69.8
79.0
73.6
68.0
66.3
