catdog
catdog
35dd870838293ebb9adbcca94896394743d4da299a06303c9258de7f968c1454
#
28.765
28.226000000000003
29.639
25.742
29.48
30.117
26.952
28.462999999999997
#
28.379
29.302000000000003
28.608999999999998
26.338
28.172
26.263
26.345
26.555
#
26.856
26.817
27.709999999999997
26.036
27.522000000000002
26.963
27.589
28.721
#
28.207
27.692
27.692999999999998
27.024
28.214
27.511
26.282
27.247
#
28.13
27.89
28.115000000000002
28.365000000000002
24.301
28.92
26.968
28.79
#
27.605999999999998
27.648
26.561
29.856
28.55
26.294999999999998
27.366
27.812
#
29.26
27.785
28.069
26.583
29.425
28.724
27.509
28.139
#
27.432000000000002
24.788
22.778
25.511
26.814999999999998
24.041
23.301
27.102999999999998
#
26.951
23.421999999999997
27.311
24.619
21.945
23.756
27.131
23.366
#
25.338
24.297
23.323
23.566
23.208
26.702
26.75
24.358
#
26.556
25.319000000000003
24.95
25.175
24.326
23.559
22.713
22.996
#
23.368
24.917
26.25
25.975
23.099
23.806
27.371
22.609
#
25.215
23.091
25.051000000000002
24.858999999999998
26.267
22.928
25.561
25.503
#
24.204
17.727
20.150000000000002
25.714000000000002
22.16
20.915
22.363
23.634
#
20.934
23.168000000000003
21.955
20.251
21.659000000000002
20.912
24.764000000000003
22.802
