0827f64669ae73ecdc4b1da84cdce62e1fc219c4b859e09883e8a1a548a5a6cc
#
200.73499999999999
2527.201
1608.855
2530.312
1584.782
1609.1779999999999
2508.312
1601.34
#
422.314
592.955
589.548
594.863
597.8240000000001
593.333
608.25
593.7829999999999
#
211.22299999999998
205.152
204.16799999999998
203.598
210.392
268.903
213.78900000000002
195.173
#
203.261
197.1
199.752
191.387
207.577
203.124
200.994
198.345
#
196.693
195.465
204.94899999999998
198.993
195.54399999999998
198.59799999999998
200.044
200.409
#
199.093
210.93200000000002
198.3
205.073
204.674
207.059
200.52200000000002
198.109
#
207.955
200.52900000000002
201.59199999999998
207.05200000000002
202.305
198.93800000000002
205.96200000000002
198.96
#
186.221
187.734
187.392
188.251
185.053
190.76299999999998
184.983
194.355
#
191.45499999999998
182.597
187.667
186.782
191.14700000000002
183.886
191.541
186.92700000000002
#
184.429
185.559
191.881
187.51999999999998
187.199
187.919
194.789
188.702
#
190.243
193.165
190.59799999999998
191.83700000000002
195.815
252.45499999999998
189.071
190.086
#
193.017
188.536
191.511
181.877
185.79899999999998
185.79999999999998
187.54999999999998
186.105
#
186.557
185.798
186.90599999999998
182.974
190.363
180.54500000000002
187.345
185.60199999999998
#
164.104
170.24900000000002
170.072
164.887
164.723
166.077
160.773
160.28400000000002
#
162.84699999999998
165.534
162.626
162.103
161.539
164.275
166.377
168.3
