dc97c080a6878ebc9f01185502e45a6e72a4f4e07c0784701bff7181f3e21132
#
150.096
486.898
482.274
1387.9859999999999
482.41499999999996
480.928
1390.819
472.03299999999996
#
127.76399999999998
126.12300000000002
129.262
280.72
127.34899999999999
125.277
129.583
125.703
#
125.51599999999999
126.34400000000001
127.851
127.92899999999999
125.86800000000001
124.691
127.574
128.14600000000002
#
128.92999999999998
125.95500000000001
126.251
128.78400000000002
126.476
127.907
125.53800000000001
126.79599999999999
#
124.841
127.28200000000001
125.359
125.5
125.197
124.789
124.985
125.39200000000001
#
128.28
126.08
126.48599999999999
127.243
127.106
128.488
126.24099999999999
126.87799999999999
#
127.48300000000002
124.60000000000001
122.257
127.968
125.797
125.356
130.6
125.256
#
126.96099999999998
129.332
131.843
129.695
130.519
129.072
127.719
128.66
#
129.342
129.083
131.825
132.593
128.67899999999997
130.87099999999998
126.442
129.31300000000002
#
130.375
128.923
130.16
129.114
130.34799999999998
131.082
129.149
131.00400000000002
#
128.414
128.55
131.869
130.52
130.609
136.443
128.98499999999999
128.835
#
128.456
131.585
127.384
128.70100000000002
130.303
127.024
126.306
128.53300000000002
#
127.273
128.73399999999998
129.226
127.62200000000001
128.946
129.478
128.28300000000002
130.024
#
133.36100000000002
135.411
131.65699999999998
134.045
131.45499999999998
134.58800000000002
132.328
130.612
#
130.08700000000002
131.183
134.875
128.005
132.535
128.56699999999998
129.333
138.179
