cae2916aa9ccd783ca7d0af9ac57934669b1b861b9f3917278cc667b70e26618
#
5.827999999999999
5.514
5.201
5.34
4.492
4.944
5.073
5.463
#
6.2170000000000005
5.633
5.652
5.649
5.08
4.902
6.001
5.644
#
6.031
5.766
4.885
5.1339999999999995
5.796
6.686
4.7780000000000005
5.368
#
5.681
5.263
5.662000000000001
5.0920000000000005
5.067
5.029
5.734
5.0169999999999995
#
5.609
5.45
5.452
4.715999999999999
5.394
5.738
5.62
5.33
#
4.906
5.026
4.973
4.802
5.798
6.111
5.760999999999999
6.96
#
5.756
4.805000000000001
6.196
5.8180000000000005
5.727
5.794
5.6160000000000005
5.393
#
5.857
5.253
5.035
4.917999999999999
4.888
5.306
5.338
5.315
#
4.758
5.54
5.424
5.351
5.333
6.2379999999999995
6.026
5.224
#
5.31
5.723
5.755
5.127
5.17
4.934
4.83
5.595
#
6.012
5.592
5.692
5.208
4.959
6.108
6.266
5.844
#
5.424
5.074999999999999
5.225
5.143
5.562
4.821
5.747000000000001
5.295
#
5.755
5.6979999999999995
5.341
5.1419999999999995
5.316000000000001
4.806
5.674
5.469
#
5.191000000000001
4.902
5.469
4.9959999999999996
5.109
5.236
4.817
5.073
#
5.675000000000001
6.168
4.974
5.288
5.024
5.0
5.782
5.08
