3979c9929f78adef69c5767b5415f1cfaf74274290efb3def17c512ee880c98c
#
3872.508
3324.92
3334.896
3295.726
3332.141
4236.737
4354.250999999999
3334.117
#
1186.0349999999999
1301.0919999999999
1310.086
1290.22
492.028
1315.6680000000001
1308.554
1309.26
#
381.161
379.336
384.564
386.752
381.156
381.359
382.76300000000003
386.239
#
396.41700000000003
374.954
375.081
376.386
381.46999999999997
376.562
380.841
378.238
#
380.2
379.513
381.39099999999996
379.202
377.612
378.419
376.349
374.665
#
374.983
376.38300000000004
377.52799999999996
378.95099999999996
377.71
376.997
378.287
378.70500000000004
#
377.35699999999997
379.53700000000003
387.177
378.45099999999996
378.97999999999996
378.361
413.085
383.801
#
337.126
339.209
348.537
335.76800000000003
335.95799999999997
338.528
336.24399999999997
339.375
#
335.504
342.151
333.686
331.536
338.16400000000004
333.091
342.803
372.244
#
367.888
351.9
343.523
343.066
341.192
339.175
333.444
335.41700000000003
#
330.46799999999996
334.569
332.352
334.846
330.83299999999997
332.563
332.70300000000003
335.655
#
335.93600000000004
334.909
335.832
343.506
340.43800000000005
335.322
333.501
337.839
#
335.969
338.90700000000004
333.902
381.321
339.452
346.7
338.121
337.346
#
254.334
253.606
256.801
257.38100000000003
254.02
252.49899999999997
257.77
260.357
#
257.09900000000005
293.40500000000003
245.876
258.62800000000004
291.30400000000003
257.629
251.012
259.70300000000003
