24e366b0be412fce347fdd3dbcb2b5c2efe346ade5748dc0256ea26a85704333
#
11098.072
11768.16
11841.965999999999
12739.024000000001
11810.079
12721.565
11788.275
11833.916000000001
#
4753.395
5772.504
5774.156
5774.746
5754.856
5764.427000000001
5686.566
4960.546
#
1823.423
2709.645
2764.141
2890.866
2675.585
2728.551
2716.989
2066.9590000000003
#
1625.937
1875.086
2352.661
1879.7630000000001
1870.9279999999999
1908.1870000000001
1902.816
2384.558
#
1252.581
1545.439
1510.4260000000002
1161.7269999999999
1592.596
1154.1840000000002
1496.7459999999999
1486.233
#
1090.268
1285.276
1078.847
1089.0919999999999
1257.992
1065.975
1118.866
1331.576
#
1082.898
1232.376
1077.567
1099.319
1182.8639999999998
1119.172
1110.265
1166.3870000000002
#
945.393
1590.57
1581.663
1146.021
1671.759
1647.94
1768.2469999999998
1168.483
#
1355.479
1113.137
1518.6139999999998
1093.5649999999998
1546.597
1551.037
1094.029
1498.308
#
943.986
1007.541
1336.4689999999998
990.448
1006.0160000000001
1309.311
1023.771
1012.7230000000001
#
1161.6219999999998
962.3779999999999
945.696
948.326
939.352
1211.7450000000001
980.703
951.638
#
928.144
1034.5059999999999
964.395
929.858
935.8610000000001
937.021
965.703
1063.846
#
961.447
923.707
957.853
981.279
939.046
939.729
916.856
950.6080000000001
#
547.9699999999999
573.2810000000001
535.652
538.9150000000001
524.504
573.794
525.003
555.689
#
525.355
525.976
549.053
543.5179999999999
524.3299999999999
521.399
527.401
534.9159999999999
