e8e451863869dda9455e82192bb04d00507985a13d19b55912aa694e7f4c7748
#
11329.879
10356.603
11284.046999999999
11286.349
10372.589
11294.283
10377.636
11279.610999999999
#
4300.316
5231.043
4426.375
5231.208
5250.638999999999
4411.8550000000005
5229.976
4413.191000000001
#
2273.672
2283.109
2271.093
2263.881
2275.363
1664.4589999999998
2211.7079999999996
2282.009
#
2065.7619999999997
1572.391
2058.5049999999997
1564.3519999999999
2063.49
1556.83
1559.7430000000002
1909.56
#
1342.468
1378.445
1419.459
1291.273
1338.847
1324.0069999999998
1330.256
1335.919
#
1089.499
1274.6889999999999
1241.306
1266.1899999999998
1086.253
1053.747
1063.44
1276.613
#
1156.7559999999999
1049.075
1175.5610000000001
1081.0919999999999
1079.787
1148.954
1029.852
1049.9830000000002
#
1053.366
1394.627
1300.503
1304.279
1318.158
1411.8
1242.033
1305.155
#
1258.142
1249.552
1300.6819999999998
1300.398
1317.873
1322.565
1404.395
1287.416
#
1095.038
1253.874
1254.2009999999998
978.985
939.4749999999999
1178.2559999999999
1246.3880000000001
945.187
#
966.616
995.668
940.173
950.157
1130.5639999999999
1219.4460000000001
942.133
948.857
#
960.326
952.9530000000001
950.039
983.4770000000001
940.418
979.125
1046.486
942.317
#
964.174
948.973
939.732
1014.267
964.2570000000001
947.56
941.683
956.053
#
567.936
644.5809999999999
570.116
573.781
569.471
569.158
570.978
602.023
#
579.197
592.533
618.793
579.595
598.521
599.585
575.303
576.997
