9a9200d1db231b28d4aba09b6258b59b20d27a19f1edf0eee15b50100afd1c04
#
8145.314000000001
8273.379
7284.284000000001
8195.559
8196.208999999999
8182.321999999999
7264.808999999999
7226.886
#
4051.1609999999996
4180.545999999999
3255.001
3258.1310000000003
3256.0609999999997
3276.642
3255.217
3243.723
#
1937.078
1422.0980000000002
1407.328
1894.412
1424.875
1383.003
1912.896
1434.391
#
1167.425
1234.787
1236.013
1228.981
1216.6840000000002
1228.378
1227.2749999999999
1222.636
#
932.195
799.665
820.773
1088.499
1125.062
820.457
929.025
1127.818
#
861.706
809.572
824.299
811.076
795.258
909.2470000000001
797.206
812.36
#
797.997
788.669
803.907
799.616
801.92
818.663
792.879
786.8629999999999
#
727.4979999999999
850.157
728.638
712.711
721.382
724.266
732.391
729.68
#
712.978
707.006
723.028
777.0160000000001
725.894
736.1959999999999
1058.132
724.386
#
712.767
721.839
709.682
717.5930000000001
741.5749999999999
721.75
731.579
721.781
#
733.0360000000001
731.437
716.801
727.178
718.3530000000001
717.5500000000001
722.17
724.949
#
728.422
717.068
718.174
739.7620000000001
702.732
735.1339999999999
718.505
717.465
#
723.7040000000001
730.2520000000001
729.379
737.39
712.222
781.1550000000001
767.379
724.2610000000001
#
598.514
529.452
579.5160000000001
518.141
583.352
520.812
529.0559999999999
538.337
#
529.922
572.584
536.435
555.886
574.828
525.5360000000001
534.931
523.97
