1e3d139f03e12746a9d3b7ccff190b90062fd61e1d00d3a622869d4e66f8fff1
#
3142.7670000000003
4527.6449999999995
3593.5739999999996
3607.042
4515.3
3593.585
3600.944
3592.576
#
542.6229999999999
1589.262
1596.517
2395.377
1590.2160000000001
1585.361
1588.786
1580.8999999999999
#
385.899
388.343
383.62600000000003
387.443
571.167
582.619
566.295
570.2049999999999
#
402.974
478.981
494.47400000000005
486.865
395.139
382.306
382.297
465.497
#
400.178
397.374
412.97299999999996
420.593
400.26
409.939
400.481
380.33299999999997
#
386.382
397.825
381.836
377.656
390.264
392.575
383.092
384.35
#
381.38100000000003
377.594
384.756
380.315
374.736
384.572
392.459
392.535
#
355.14099999999996
367.315
368.407
379.805
373.387
364.969
379.90200000000004
378.827
#
371.884
373.39099999999996
356.11199999999997
379.211
363.839
366.56
376.56
365.29
#
378.065
365.859
364.288
361.284
359.205
360.045
372.176
377.017
#
372.799
372.534
364.551
358.514
370.132
372.264
386.032
357.568
#
357.95700000000005
359.755
358.203
358.88100000000003
360.33
357.448
359.695
363.748
#
367.137
367.322
372.218
366.019
363.861
357.62300000000005
357.182
375.27500000000003
#
212.508
216.098
222.124
216.485
213.581
209.031
210.97199999999998
219.495
#
221.327
219.48999999999998
216.431
216.22299999999998
230.763
212.577
219.522
210.16199999999998
