8101450bcc7bd1ffd90da3cf7d2a0f10f4c5b0ab3452c66ba9806e1fd2aa1bfa
#
56.781
131.697
524.1360000000001
68.917
91.62299999999999
532.925
66.56099999999999
83.812
#
64.691
63.889
67.277
67.732
66.415
66.137
64.876
67.27900000000001
#
68.396
66.993
67.0
67.80799999999999
66.86200000000001
66.468
67.51400000000001
63.833
#
64.11
63.585
62.242
67.718
68.74
67.756
68.22200000000001
67.048
#
67.356
67.184
66.123
65.246
64.05
66.413
65.165
66.21499999999999
#
68.04100000000001
67.009
64.611
67.18499999999999
65.099
62.659000000000006
62.333
63.195
#
66.893
66.14399999999999
66.275
66.74900000000001
66.328
66.432
67.187
67.47
#
60.818
55.555
59.958
60.665
60.297999999999995
60.466
56.277
61.498999999999995
#
58.367000000000004
62.99399999999999
55.197
60.506
61.252
65.405
69.873
60.241
#
57.486000000000004
60.238
60.88699999999999
59.361
59.731
57.875
61.683
63.31
#
52.297999999999995
60.117999999999995
59.304
60.972
60.175
62.855
61.37
61.711
#
62.148
61.163000000000004
61.627
61.092
60.343
59.891
62.967
62.964999999999996
#
61.54
62.467
61.826
62.751000000000005
59.461
60.306
60.907999999999994
61.394
#
44.617999999999995
45.585
44.321
43.95
47.14
46.074
46.566
46.246
#
46.309000000000005
46.191
47.356
47.048
45.14
46.102
44.714
44.711
