resnet-50 2 10 1 90
resnet-50 2 10 2 108
resnet-50 2 10 4 168.75
resnet-50 2 10 8 33852.75
resnet-50 2 10 16 40399.5
resnet-50 2 10 32 41846.25
resnet-50 2 20 1 82.5
resnet-50 2 20 2 103.5
resnet-50 2 20 4 139.125
resnet-50 2 20 8 34569.495
resnet-50 2 20 16 39619.5
resnet-50 2 20 32 41477.505
resnet-50 2 30 1 75
resnet-50 2 30 2 96
resnet-50 2 30 4 130.5
resnet-50 2 30 8 34583.565
resnet-50 2 30 16 39394.71
resnet-50 2 30 32 41041.71
resnet-50 2 40 1 75
resnet-50 2 40 2 88.5
resnet-50 2 40 4 121.5
resnet-50 2 40 8 26493
resnet-50 2 40 16 39281.505
resnet-50 2 40 32 40888.125
resnet-50 2 50 1 78
resnet-50 2 50 2 76.5
resnet-50 2 50 4 118.5
resnet-50 2 50 8 28329.375
resnet-50 2 50 16 39247.935
resnet-50 2 50 32 40930.71
resnet-50 4 10 4 148.125
resnet-50 4 10 8 246
resnet-50 4 10 16 33671.85
resnet-50 4 10 32 40992
resnet-50 4 20 4 132
resnet-50 4 20 8 207
resnet-50 4 20 16 32657.205
resnet-50 4 20 32 40279.125
resnet-50 4 30 4 111.375
resnet-50 4 30 8 172.5
resnet-50 4 30 16 32814.15
resnet-50 4 30 32 39729.75
resnet-50 4 40 4 109.875
resnet-50 4 40 8 237
resnet-50 4 40 16 32444.895
resnet-50 4 40 32 39759
resnet-50 4 50 4 108
resnet-50 4 50 8 173.445
resnet-50 4 50 16 32152.35
resnet-50 4 50 32 39646.5
resnet-50 8 10 8 237.195
resnet-50 8 10 16 326.34
resnet-50 8 10 32 31585.5
resnet-50 8 20 8 200.82
resnet-50 8 20 16 309.75
resnet-50 8 20 32 32068.845
resnet-50 8 30 8 183
resnet-50 8 30 16 322.5
resnet-50 8 30 32 31646.46
resnet-50 8 40 8 178.5
resnet-50 8 40 16 262.125
resnet-50 8 40 32 31517.73
resnet-50 8 50 8 172.32
resnet-50 8 50 16 252.66
resnet-50 8 50 32 31470.75
resnet-50 16 10 16 404.535
resnet-50 16 10 32 617.76
resnet-50 16 20 16 330
resnet-50 16 20 32 535.41
resnet-50 16 30 16 279.84
resnet-50 16 30 32 497.07
resnet-50 16 40 16 264.75
resnet-50 16 40 32 458.58
resnet-50 16 50 16 261.945
resnet-50 16 50 32 457.365
resnet-50 2 0 1 228
resnet-50 2 0 2 345
resnet-50 2 0 4 604.5
resnet-50 2 0 8 22752.645
resnet-50 2 0 16 40807.29
resnet-50 2 0 32 42523.71
resnet-50 4 0 4 414
resnet-50 4 0 8 726
resnet-50 4 0 16 24693.9
resnet-50 4 0 32 34208.805
resnet-50 8 0 8 475.5
resnet-50 8 0 16 871.785
resnet-50 8 0 32 25360.29
resnet-50 12 0 16 758.715
resnet-50 12 0 32 1434.75
resnet-50 16 0 16 634.5
resnet-50 16 0 32 1301.07
