ssd 2 10 1 210.645
ssd 2 10 2 284.355
ssd 2 10 4 444.81
ssd 2 10 8 14998.5
ssd 2 10 16 14998.5
ssd 2 20 1 193.305
ssd 2 20 2 270.195
ssd 2 20 4 438.915
ssd 2 20 8 14998.5
ssd 2 20 16 14998.5
ssd 2 30 1 200.145
ssd 2 30 2 261.345
ssd 2 30 4 414.135
ssd 2 30 8 14998.5
ssd 2 30 16 14998.5
ssd 2 40 1 188.85
ssd 2 40 2 262.98
ssd 2 40 4 413.7
ssd 2 40 8 14998.5
ssd 2 40 16 14998.5
ssd 2 50 1 196.35
ssd 2 50 2 259.47
ssd 2 50 4 403.185
ssd 2 50 8 14998.5
ssd 2 50 16 14998.5
ssd 4 10 1 217.455
ssd 4 10 2 260.655
ssd 4 10 4 393.03
ssd 4 10 8 663.36
ssd 4 10 16 14998.5
ssd 4 20 1 211.545
ssd 4 20 2 237.675
ssd 4 20 4 372.765
ssd 4 20 8 610.995
ssd 4 20 16 14998.5
ssd 4 30 1 212.505
ssd 4 30 2 244.125
ssd 4 30 4 361.8
ssd 4 30 8 600.99
ssd 4 30 16 14998.5
ssd 4 40 1 208.05
ssd 4 40 2 244.545
ssd 4 40 4 358.905
ssd 4 40 8 607.785
ssd 4 40 16 14998.5
ssd 4 50 1 207.945
ssd 4 50 2 235.425
ssd 4 50 4 359.28
ssd 4 50 8 591.27
ssd 4 50 16 14998.5
ssd 8 10 1 234.855
ssd 8 10 2 331.68
ssd 8 10 4 531.945
ssd 8 10 8 762.84
ssd 8 10 16 1340.505
ssd 8 20 1 232.65
ssd 8 20 2 317.49
ssd 8 20 4 499.74
ssd 8 20 8 777.825
ssd 8 20 16 1338.735
ssd 8 30 1 229.755
ssd 8 30 2 320.82
ssd 8 30 4 489.915
ssd 8 30 8 792.045
ssd 8 30 16 1331.655
ssd 8 40 1 236.895
ssd 8 40 2 305.925
ssd 8 40 4 486.9
ssd 8 40 8 817.185
ssd 8 40 16 1362.24
ssd 8 50 1 235.05
ssd 8 50 2 311.76
ssd 8 50 4 501.345
ssd 8 50 8 834.63
ssd 8 50 16 1424.73
ssd 2 0 1 282
ssd 2 0 2 424.5
ssd 2 0 4 730.83
ssd 2 0 8 14998.5
ssd 2 0 16 14998.5
ssd 4 0 1 245.4
ssd 4 0 2 313.83
ssd 4 0 4 462.675
ssd 4 0 8 837.27
ssd 4 0 16 14998.5
ssd 8 0 1 243
ssd 8 0 2 261.33
ssd 8 0 4 353.595
ssd 8 0 8 597.99
ssd 8 0 16 1082.595
ssd 16 0 1 236.895
ssd 16 0 2 248.655
ssd 16 0 4 314.745
ssd 16 0 8 489
ssd 16 0 16 861.585
