catdog 2 10 1 7.000000
catdog 2 10 2 7.000000
catdog 2 10 4 10.000000
catdog 2 10 8 18587.000000
catdog 2 10 16 25035.290000
catdog 2 10 32 26039.200000
catdog 2 20 1 7.000000
catdog 2 20 2 8.000000
catdog 2 20 4 11.000000
catdog 2 20 8 18577.710000
catdog 2 20 16 25019.500000
catdog 2 20 32 26017.330000
catdog 2 30 1 7.000000
catdog 2 30 2 8.000000
catdog 2 30 4 13.000000
catdog 2 30 8 12504.000000
catdog 2 30 16 25061.830000
catdog 2 30 32 26010.000000
catdog 2 40 1 7.000000
catdog 2 40 2 7.000000
catdog 2 40 4 11.000000
catdog 2 40 8 17869.710000
catdog 2 40 16 25010.290000
catdog 2 40 32 25994.000000
catdog 2 50 1 7.000000
catdog 2 50 2 7.000000
catdog 2 50 4 11.500000
catdog 2 50 8 17866.860000
catdog 2 50 16 24987.140000
catdog 2 50 32 26022.710000
catdog 4 10 4 9.000000
catdog 4 10 8 13.250000
catdog 4 10 16 15640.750000
catdog 4 10 32 25066.640000
catdog 4 20 4 12.250000
catdog 4 20 8 18.750000
catdog 4 20 16 16668.600000
catdog 4 20 32 25040.130000
catdog 4 30 4 9.500000
catdog 4 30 8 12.000000
catdog 4 30 16 16679.730000
catdog 4 30 32 25029.130000
catdog 4 40 4 9.000000
catdog 4 40 8 12.000000
catdog 4 40 16 19347.000000
catdog 4 40 32 25011.890000
catdog 4 50 4 9.000000
catdog 4 50 8 11.380000
catdog 4 50 16 11262.880000
catdog 4 50 32 25005.730000
catdog 8 10 8 10.000000
catdog 8 10 16 16.000000
catdog 8 10 32 19184.320000
catdog 8 20 8 11.000000
catdog 8 20 16 15.190000
catdog 8 20 32 19170.320000
catdog 8 30 8 10.000000
catdog 8 30 16 15.560000
catdog 8 30 32 16113.000000
catdog 8 40 8 10.000000
catdog 8 40 16 15.000000
catdog 8 40 32 19171.840000
catdog 8 50 8 10.000000
catdog 8 50 16 15.000000
catdog 8 50 32 14131.130000
catdog 16 10 16 15.690000
catdog 16 10 32 26.470000
catdog 16 20 16 16.000000
catdog 16 20 32 27.190000
catdog 16 30 16 15.440000
catdog 16 30 32 26.690000
catdog 16 40 16 14.690000
catdog 16 40 32 25.720000
catdog 16 50 16 14.880000
catdog 16 50 32 25.000000
catdog 2 0 1 8.000000
catdog 2 0 2 11.500000
catdog 2 0 4 15.000000
catdog 2 0 8 9739.000000
catdog 2 0 16 20030.290000
catdog 2 0 32 25061.290000
catdog 4 0 4 11.000000
catdog 4 0 8 19.000000
catdog 4 0 16 6683.330000
catdog 4 0 32 20051.170000
catdog 8 0 8 13.130000
catdog 8 0 16 26.380000
catdog 8 0 32 10841.290000
catdog 12 0 16 20.500000
catdog 12 0 32 35.310000
catdog 16 0 16 21.250000
catdog 16 0 32 32.410000
