lstm-maxclass-2365 2 10 1 20.000000
lstm-maxclass-2365 2 10 2 20.000000
lstm-maxclass-2365 2 10 4 19.250000
lstm-maxclass-2365 2 10 8 23219.430000
lstm-maxclass-2365 2 10 16 26448.500000
lstm-maxclass-2365 2 10 32 27484.860000
lstm-maxclass-2365 2 20 1 17.000000
lstm-maxclass-2365 2 20 2 19.000000
lstm-maxclass-2365 2 20 4 20.000000
lstm-maxclass-2365 2 20 8 23171.710000
lstm-maxclass-2365 2 20 16 26439.570000
lstm-maxclass-2365 2 20 32 27473.710000
lstm-maxclass-2365 2 30 1 20.000000
lstm-maxclass-2365 2 30 2 18.000000
lstm-maxclass-2365 2 30 4 18.000000
lstm-maxclass-2365 2 30 8 23181.000000
lstm-maxclass-2365 2 30 16 26468.710000
lstm-maxclass-2365 2 30 32 27508.290000
lstm-maxclass-2365 2 40 1 21.000000
lstm-maxclass-2365 2 40 2 20.000000
lstm-maxclass-2365 2 40 4 20.000000
lstm-maxclass-2365 2 40 8 23193.430000
lstm-maxclass-2365 2 40 16 26466.710000
lstm-maxclass-2365 2 40 32 27480.860000
lstm-maxclass-2365 2 50 1 22.000000
lstm-maxclass-2365 2 50 2 20.000000
lstm-maxclass-2365 2 50 4 21.000000
lstm-maxclass-2365 2 50 8 23194.000000
lstm-maxclass-2365 2 50 16 26450.860000
lstm-maxclass-2365 2 50 32 27457.860000
lstm-maxclass-2365 4 10 4 18.500000
lstm-maxclass-2365 4 10 8 22.000000
lstm-maxclass-2365 4 10 16 21527.330000
lstm-maxclass-2365 4 10 32 26498.330000
lstm-maxclass-2365 4 20 4 19.000000
lstm-maxclass-2365 4 20 8 19.000000
lstm-maxclass-2365 4 20 16 21527.470000
lstm-maxclass-2365 4 20 32 26514.000000
lstm-maxclass-2365 4 30 4 18.250000
lstm-maxclass-2365 4 30 8 18.000000
lstm-maxclass-2365 4 30 16 21558.000000
lstm-maxclass-2365 4 30 32 26464.070000
lstm-maxclass-2365 4 40 4 19.000000
lstm-maxclass-2365 4 40 8 19.000000
lstm-maxclass-2365 4 40 16 21543.870000
lstm-maxclass-2365 4 40 32 26483.710000
lstm-maxclass-2365 4 50 4 18.000000
lstm-maxclass-2365 4 50 8 18.500000
lstm-maxclass-2365 4 50 16 21532.470000
lstm-maxclass-2365 4 50 32 26429.400000
lstm-maxclass-2365 8 10 8 19.000000
lstm-maxclass-2365 8 10 16 18.560000
lstm-maxclass-2365 8 10 32 20781.390000
lstm-maxclass-2365 8 20 8 19.000000
lstm-maxclass-2365 8 20 16 19.880000
lstm-maxclass-2365 8 20 32 21828.400000
lstm-maxclass-2365 8 30 8 20.380000
lstm-maxclass-2365 8 30 16 18.940000
lstm-maxclass-2365 8 30 32 20756.360000
lstm-maxclass-2365 8 40 8 19.000000
lstm-maxclass-2365 8 40 16 19.000000
lstm-maxclass-2365 8 40 32 20784.060000
lstm-maxclass-2365 8 50 8 19.000000
lstm-maxclass-2365 8 50 16 18.560000
lstm-maxclass-2365 8 50 32 20063.000000
lstm-maxclass-2365 16 10 16 24.130000
lstm-maxclass-2365 16 10 32 24.690000
lstm-maxclass-2365 16 20 16 23.000000
lstm-maxclass-2365 16 20 32 20.940000
lstm-maxclass-2365 16 30 16 22.880000
lstm-maxclass-2365 16 30 32 21.250000
lstm-maxclass-2365 16 40 16 21.630000
lstm-maxclass-2365 16 40 32 21.470000
lstm-maxclass-2365 16 50 16 23.060000
lstm-maxclass-2365 16 50 32 22.440000
lstm-maxclass-2365 2 0 1 14.000000
lstm-maxclass-2365 2 0 2 13.500000
lstm-maxclass-2365 2 0 4 17.000000
lstm-maxclass-2365 2 0 8 19775.430000
lstm-maxclass-2365 2 0 16 25963.000000
lstm-maxclass-2365 2 0 32 26953.430000
lstm-maxclass-2365 4 0 4 14.000000
lstm-maxclass-2365 4 0 8 14.380000
lstm-maxclass-2365 4 0 16 16720.930000
lstm-maxclass-2365 4 0 32 25974.930000
lstm-maxclass-2365 8 0 8 14.500000
lstm-maxclass-2365 8 0 16 15.500000
lstm-maxclass-2365 8 0 32 15859.610000
lstm-maxclass-2365 12 0 16 19.940000
lstm-maxclass-2365 12 0 32 21.970000
lstm-maxclass-2365 16 0 16 17.810000
lstm-maxclass-2365 16 0 32 18.970000
