0.0
0.0
0.0
0.0
1542.0
0.0
542.0
612.0
344.0
1056.0
391.0
581.0
414.0
992.0
414.0
1008.0
580.0
657.0
1026.0
429.0
585.0
580.0
678.0
446.0
633.0
746.0
430.0
609.0
596.0
538.0
814.0
653.0
784.0
733.0
781.0
685.0
616.0
595.0
848.0
649.0
732.0
637.0
455.0
433.0
617.0
582.0
539.0
788.0
423.0
1023.0
605.0
567.0
427.0
490.0
673.0
441.0
504.0
635.0
644.0
707.0
762.0
647.0
449.0
559.0
889.0
430.0
669.0
446.0
428.0
440.0
435.0
577.0
522.0
669.0
441.0
503.0
541.0
488.0
807.0
781.0
447.0
628.0
610.0
418.0
690.0
640.0
468.0
446.0
647.0
684.0
583.0
451.0
729.0
579.0
867.0
581.0
429.0
713.0
482.0
496.0
417.0
477.0
720.0
488.0
414.0
472.0
697.0
556.0
426.0
441.0
476.0
441.0
546.0
612.0
611.0
424.0
409.0
596.0
538.0
625.0
578.0
553.0
828.0
435.0
403.0
605.0
505.0
439.0
462.0
594.0
777.0
563.0
595.0
492.0
735.0
465.0
418.0
453.0
465.0
496.0
698.0
496.0
698.0
457.0
704.0
474.0
466.0
476.0
679.0
518.0
602.0
652.0
711.0
504.0
514.0
485.0
578.0
465.0
432.0
600.0
406.0
433.0
424.0
417.0
589.0
654.0
486.0
711.0
644.0
709.0
573.0
562.0
662.0
472.0
578.0
456.0
428.0
443.0
435.0
441.0
419.0
456.0
443.0
642.0
619.0
449.0
658.0
767.0
654.0
446.0
538.0
600.0
660.0
546.0
423.0
449.0
501.0
856.0
438.0
410.0
456.0
442.0
476.0
644.0
440.0
449.0
696.0
508.0
476.0
461.0
518.0
669.0
532.0
459.0
434.0
497.0
458.0
627.0
438.0
442.0
419.0
641.0
946.0
434.0
727.0
425.0
493.0
667.0
573.0
559.0
409.0
447.0
727.0
415.0
469.0
439.0
550.0
444.0
626.0
622.0
637.0
441.0
553.0
809.0
600.0
423.0
429.0
687.0
408.0
454.0
419.0
496.0
670.0
524.0
460.0
498.0
435.0
602.0
723.0
452.0
446.0
431.0
644.0
618.0
478.0
645.0
502.0
438.0
502.0
441.0
705.0
579.0
634.0
438.0
509.0
622.0
457.0
563.0
434.0
410.0
428.0
440.0
446.0
682.0
605.0
435.0
617.0
493.0
469.0
417.0
670.0
516.0
449.0
660.0
442.0
433.0
529.0
626.0
446.0
555.0
715.0
694.0
464.0
641.0
713.0
481.0
493.0
428.0
593.0
431.0
410.0
450.0
583.0
470.0
414.0
501.0
430.0
480.0
400.0
499.0
411.0
489.0
473.0
445.0
417.0
572.0
449.0
696.0
471.0
444.0
497.0
441.0
436.0
497.0
576.0
426.0
432.0
472.0
491.0
419.0
413.0
587.0
458.0
445.0
440.0
470.0
425.0
697.0
588.0
441.0
455.0
441.0
442.0
480.0
636.0
450.0
451.0
502.0
409.0
546.0
542.0
459.0
468.0
397.0
631.0
441.0
739.0
590.0
634.0
587.0
406.0
503.0
572.0
452.0
418.0
480.0
441.0
464.0
762.0
474.0
425.0
414.0
576.0
416.0
534.0
764.0
430.0
787.0
440.0
421.0
434.0
469.0
435.0
638.0
713.0
744.0
451.0
681.0
429.0
448.0
449.0
673.0
668.0
667.0
498.0
437.0
487.0
397.0
522.0
545.0
591.0
466.0
408.0
564.0
430.0
485.0
734.0
525.0
512.0
492.0
707.0
432.0
679.0
538.0
408.0
697.0
456.0
521.0
686.0
700.0
448.0
779.0
761.0
627.0
409.0
581.0
746.0
729.0
662.0
434.0
404.0
595.0
631.0
561.0
413.0
468.0
630.0
740.0
762.0
475.0
558.0
410.0
775.0
417.0
488.0
435.0
623.0
419.0
481.0
556.0
489.0
538.0
586.0
457.0
528.0
417.0
423.0
473.0
547.0
417.0
510.0
530.0
628.0
739.0
424.0
691.0
465.0
546.0
460.0
480.0
791.0
456.0
442.0
674.0
513.0
439.0
425.0
541.0
583.0
636.0
530.0
663.0
568.0
635.0
472.0
418.0
622.0
709.0
423.0
849.0
670.0
662.0
449.0
762.0
488.0
439.0
471.0
446.0
437.0
746.0
441.0
439.0
477.0
481.0
607.0
559.0
624.0
514.0
501.0
524.0
531.0
503.0
450.0
476.0
767.0
405.0
585.0
410.0
541.0
448.0
475.0
661.0
489.0
480.0
756.0
552.0
445.0
613.0
583.0
467.0
499.0
667.0
461.0
437.0
563.0
605.0
468.0
434.0
429.0
722.0
621.0
466.0
510.0
465.0
455.0
491.0
635.0
658.0
529.0
439.0
483.0
567.0
573.0
885.0
604.0
523.0
639.0
546.0
425.0
595.0
417.0
434.0
650.0
471.0
444.0
415.0
443.0
532.0
475.0
601.0
522.0
412.0
457.0
513.0
484.0
424.0
427.0
475.0
431.0
667.0
430.0
403.0
486.0
712.0
614.0
461.0
454.0
427.0
421.0
469.0
447.0
481.0
448.0
505.0
679.0
553.0
483.0
431.0
558.0
577.0
618.0
727.0
608.0
481.0
431.0
690.0
423.0
621.0
742.0
479.0
419.0
486.0
436.0
593.0
400.0
475.0
484.0
675.0
670.0
448.0
485.0
431.0
502.0
435.0
738.0
449.0
427.0
463.0
424.0
574.0
446.0
529.0
432.0
449.0
600.0
419.0
457.0
656.0
708.0
617.0
467.0
417.0
526.0
527.0
436.0
496.0
725.0
518.0
414.0
451.0
590.0
428.0
564.0
423.0
474.0
468.0
465.0
806.0
439.0
474.0
573.0
587.0
585.0
464.0
415.0
697.0
684.0
505.0
707.0
568.0
455.0
449.0
562.0
407.0
458.0
554.0
541.0
444.0
711.0
469.0
755.0
455.0
708.0
446.0
435.0
495.0
641.0
791.0
487.0
763.0
435.0
532.0
563.0
624.0
483.0
484.0
475.0
493.0
561.0
476.0
518.0
469.0
435.0
636.0
404.0
428.0
500.0
399.0
439.0
477.0
686.0
441.0
567.0
414.0
427.0
684.0
453.0
431.0
681.0
425.0
669.0
553.0
433.0
678.0
608.0
591.0
427.0
821.0
434.0
477.0
479.0
450.0
444.0
432.0
488.0
501.0
716.0
681.0
598.0
475.0
404.0
478.0
443.0
614.0
544.0
705.0
673.0
497.0
509.0
927.0
413.0
453.0
628.0
658.0
467.0
431.0
455.0
721.0
544.0
694.0
436.0
666.0
404.0
527.0
687.0
610.0
692.0
422.0
500.0
544.0
445.0
471.0
710.0
675.0
507.0
419.0
826.0
408.0
596.0
642.0
484.0
428.0
443.0
407.0
492.0
748.0
498.0
498.0
785.0
481.0
489.0
507.0
473.0
429.0
430.0
555.0
501.0
448.0
427.0
459.0
629.0
443.0
407.0
897.0
439.0
370.0
466.0
718.0
465.0
420.0
410.0
438.0
562.0
477.0
593.0
548.0
419.0
688.0
533.0
436.0
706.0
453.0
452.0
443.0
526.0
545.0
597.0
443.0
433.0
687.0
432.0
463.0
435.0
482.0
563.0
417.0
641.0
661.0
433.0
537.0
432.0
451.0
425.0
525.0
552.0
455.0
759.0
662.0
710.0
438.0
420.0
437.0
443.0
418.0
613.0
462.0
472.0
437.0
616.0
698.0
435.0
426.0
433.0
422.0
444.0
616.0
689.0
564.0
828.0
407.0
418.0
622.0
748.0
467.0
550.0
472.0
409.0
467.0
567.0
676.0
501.0
691.0
624.0
681.0
428.0
461.0
490.0
435.0
549.0
454.0
445.0
420.0
408.0
569.0
521.0
650.0
440.0
451.0
419.0
440.0
435.0
773.0
712.0
555.0
467.0
413.0
436.0
420.0
866.0
419.0
416.0
453.0
620.0
432.0
564.0
540.0
477.0
563.0
580.0
600.0
591.0
587.0
435.0
436.0
477.0
585.0
464.0
446.0
469.0
412.0
502.0
446.0
669.0
620.0
481.0
558.0
490.0
463.0
427.0
586.0
449.0
459.0
477.0
696.0
442.0
650.0
450.0
580.0
412.0
455.0
616.0
589.0
500.0
491.0
656.0
470.0
442.0
413.0
435.0
429.0
530.0
420.0
688.0
556.0
409.0
484.0
595.0
660.0
485.0
582.0
614.0
640.0
419.0
602.0
446.0
677.0
621.0
569.0
674.0
821.0
572.0
419.0
474.0
419.0
557.0
677.0
603.0
454.0
543.0
492.0
583.0
467.0
456.0
454.0
578.0
478.0
423.0
672.0
564.0
507.0
527.0
755.0
419.0
519.0
712.0
566.0
579.0
489.0
572.0
567.0
481.0
619.0
489.0
433.0
562.0
512.0
653.0
518.0
581.0
529.0
819.0
438.0
575.0
431.0
611.0
747.0
493.0
494.0
700.0
606.0
454.0
436.0
610.0
486.0
631.0
472.0
417.0
513.0
410.0
438.0
616.0
472.0
809.0
425.0
549.0
583.0
638.0
412.0
554.0
464.0
437.0
480.0
785.0
435.0
406.0
569.0
440.0
456.0
616.0
582.0
627.0
474.0
478.0
431.0
666.0
552.0
946.0
431.0
571.0
487.0
549.0
673.0
436.0
666.0
468.0
434.0
615.0
449.0
481.0
456.0
420.0
645.0
548.0
532.0
518.0
422.0
478.0
744.0
527.0
580.0
444.0
498.0
449.0
419.0
541.0
412.0
442.0
547.0
451.0
459.0
708.0
424.0
423.0
675.0
611.0
555.0
716.0
467.0
486.0
448.0
504.0
463.0
456.0
686.0
442.0
568.0
680.0
469.0
560.0
441.0
561.0
749.0
440.0
412.0
620.0
427.0
430.0
636.0
555.0
424.0
428.0
473.0
397.0
483.0
644.0
652.0
518.0
407.0
473.0
715.0
720.0
519.0
479.0
703.0
625.0
681.0
546.0
779.0
694.0
653.0
470.0
855.0
556.0
558.0
657.0
574.0
550.0
735.0
698.0
631.0
472.0
449.0
537.0
554.0
450.0
453.0
707.0
541.0
410.0
422.0
810.0
764.0
710.0
611.0
678.0
703.0
691.0
403.0
547.0
562.0
476.0
471.0
444.0
439.0
622.0
490.0
476.0
456.0
426.0
438.0
449.0
492.0
522.0
650.0
505.0
471.0
704.0
429.0
631.0
417.0
506.0
470.0
409.0
455.0
592.0
701.0
561.0
743.0
448.0
469.0
639.0
419.0
582.0
492.0
445.0
536.0
545.0
505.0
517.0
419.0
633.0
457.0
418.0
415.0
415.0
514.0
437.0
410.0
453.0
404.0
492.0
491.0
455.0
645.0
713.0
512.0
403.0
578.0
455.0
557.0
426.0
441.0
602.0
659.0
410.0
669.0
674.0
491.0
567.0
433.0
485.0
678.0
448.0
513.0
436.0
708.0
560.0
443.0
489.0
467.0
685.0
674.0
493.0
614.0
463.0
453.0
722.0
820.0
440.0
659.0
514.0
419.0
698.0
454.0
745.0
419.0
675.0
688.0
645.0
487.0
421.0
429.0
453.0
738.0
735.0
891.0
420.0
474.0
523.0
480.0
713.0
441.0
449.0
574.0
657.0
475.0
461.0
477.0
681.0
491.0
462.0
432.0
479.0
562.0
435.0
495.0
494.0
458.0
606.0
622.0
463.0
657.0
750.0
477.0
592.0
473.0
431.0
505.0
709.0
417.0
533.0
681.0
622.0
466.0
564.0
456.0
467.0
564.0
551.0
433.0
645.0
640.0
600.0
667.0
648.0
743.0
623.0
404.0
410.0
688.0
882.0
662.0
693.0
669.0
571.0
501.0
488.0
436.0
479.0
723.0
413.0
555.0
414.0
567.0
478.0
563.0
460.0
420.0
459.0
468.0
522.0
620.0
583.0
573.0
412.0
436.0
491.0
438.0
604.0
694.0
755.0
680.0
437.0
425.0
437.0
452.0
428.0
423.0
553.0
471.0
432.0
743.0
574.0
487.0
434.0
568.0
488.0
438.0
455.0
467.0
434.0
753.0
630.0
452.0
620.0
713.0
441.0
450.0
658.0
445.0
596.0
485.0
416.0
444.0
463.0
546.0
436.0
509.0
504.0
654.0
469.0
544.0
517.0
696.0
549.0
681.0
749.0
472.0
434.0
687.0
677.0
436.0
499.0
653.0
682.0
562.0
449.0
722.0
653.0
495.0
703.0
661.0
651.0
481.0
394.0
660.0
419.0
629.0
544.0
716.0
721.0
709.0
627.0
531.0
722.0
447.0
466.0
486.0
486.0
462.0
859.0
467.0
426.0
519.0
560.0
671.0
407.0
601.0
468.0
572.0
682.0
651.0
556.0
528.0
675.0
524.0
506.0
494.0
514.0
440.0
638.0
473.0
483.0
641.0
606.0
498.0
524.0
457.0
475.0
680.0
700.0
433.0
583.0
482.0
499.0
421.0
491.0
713.0
609.0
431.0
466.0
422.0
573.0
709.0
443.0
584.0
640.0
419.0
653.0
426.0
651.0
446.0
484.0
442.0
409.0
473.0
492.0
539.0
468.0
476.0
614.0
462.0
622.0
537.0
505.0
618.0
604.0
558.0
450.0
655.0
530.0
734.0
468.0
476.0
621.0
490.0
595.0
698.0
555.0
449.0
481.0
550.0
408.0
471.0
422.0
591.0
427.0
455.0
462.0
412.0
698.0
667.0
687.0
459.0
445.0
433.0
420.0
491.0
635.0
420.0
559.0
451.0
671.0
482.0
503.0
686.0
602.0
478.0
709.0
476.0
445.0
394.0
611.0
562.0
689.0
563.0
492.0
485.0
473.0
433.0
430.0
478.0
474.0
398.0
738.0
618.0
599.0
563.0
477.0
655.0
473.0
412.0
484.0
437.0
443.0
565.0
487.0
475.0
772.0
401.0
420.0
428.0
533.0
605.0
435.0
428.0
817.0
567.0
545.0
670.0
470.0
440.0
554.0
728.0
540.0
417.0
471.0
738.0
512.0
429.0
720.0
737.0
454.0
434.0
739.0
530.0
535.0
434.0
436.0
474.0
601.0
606.0
446.0
422.0
447.0
492.0
496.0
455.0
583.0
531.0
453.0
631.0
539.0
439.0
486.0
425.0
540.0
717.0
699.0
443.0
428.0
427.0
435.0
488.0
540.0
709.0
413.0
657.0
433.0
530.0
635.0
568.0
504.0
428.0
407.0
613.0
694.0
655.0
509.0
435.0
621.0
606.0
416.0
429.0
573.0
700.0
655.0
521.0
463.0
618.0
636.0
512.0
582.0
573.0
587.0
585.0
417.0
478.0
494.0
415.0
508.0
526.0
594.0
559.0
715.0
546.0
429.0
432.0
436.0
474.0
647.0
421.0
479.0
589.0
561.0
702.0
722.0
540.0
454.0
422.0
685.0
417.0
427.0
421.0
468.0
438.0
668.0
569.0
432.0
674.0
676.0
467.0
528.0
405.0
556.0
476.0
630.0
543.0
414.0
579.0
616.0
633.0
531.0
402.0
454.0
650.0
463.0
496.0
485.0
602.0
797.0
607.0
561.0
439.0
403.0
482.0
674.0
696.0
462.0
466.0
491.0
704.0
679.0
776.0
761.0
473.0
720.0
610.0
545.0
416.0
644.0
566.0
570.0
440.0
475.0
437.0
444.0
481.0
421.0
767.0
495.0
496.0
510.0
735.0
625.0
437.0
536.0
439.0
645.0
421.0
599.0
482.0
549.0
648.0
606.0
486.0
704.0
431.0
446.0
609.0
760.0
484.0
423.0
634.0
593.0
417.0
438.0
783.0
527.0
685.0
607.0
669.0
511.0
589.0
622.0
494.0
443.0
481.0
412.0
421.0
723.0
649.0
619.0
411.0
522.0
411.0
438.0
475.0
704.0
414.0
672.0
411.0
444.0
605.0
620.0
442.0
502.0
654.0
419.0
453.0
593.0
423.0
564.0
433.0
601.0
525.0
482.0
566.0
480.0
621.0
520.0
425.0
424.0
553.0
741.0
441.0
608.0
488.0
408.0
647.0
578.0
439.0
407.0
489.0
613.0
647.0
560.0
416.0
645.0
609.0
612.0
423.0
470.0
483.0
500.0
412.0
422.0
539.0
521.0
462.0
582.0
676.0
427.0
629.0
632.0
449.0
648.0
647.0
494.0
428.0
471.0
485.0
504.0
453.0
496.0
439.0
628.0
410.0
581.0
642.0
458.0
457.0
638.0
612.0
735.0
448.0
404.0
592.0
653.0
503.0
419.0
548.0
474.0
485.0
498.0
641.0
455.0
581.0
519.0
433.0
413.0
489.0
609.0
441.0
550.0
419.0
470.0
652.0
560.0
830.0
521.0
569.0
445.0
463.0
644.0
417.0
467.0
432.0
786.0
449.0
