1542.0
401.88
222.18
204.79
261.35
216.17
195.11
183.98
222.54
175.35
237.11
181.88
180.09
188.71
175.76
187.59
189.22
187.22
181.34
201.02
182.11
184.08
177.63
199.51
181.2
209.26
191.89
197.42
201.58
195.11
184.25
195.94
163.44
190.08
179.56
190.76
172.59
186.09
186.02
182.95
183.13
196.47
198.02
185.54
196.79
197.22
186.08
185.87
182.63
184.26
189.13
198.99
200.39
189.61
204.48
181.01
185.54
170.84
192.56
195.42
191.11
191.31
187.41
190.24
190.45
184.26
183.42
194.94
177.13
180.59
199.19
179.09
195.71
205.07
188.95
198.84
191.09
194.02
192.87
186.06
195.62
179.56
191.43
189.89
199.7
189.56
184.31
175.95
187.31
190.85
189.09
187.68
188.61
185.88
196.96
168.44
183.61
212.33
181.43
192.62
184.17
197.76
186.51
182.81
182.28
184.84
183.95
202.82
192.56
190.09
192.79
187.57
192.73
182.38
190.73
188.61
200.61
192.81
177.63
193.19
186.39
189.48
173.2
185.27
192.16
189.62
180.58
189.36
180.07
176.63
191.5
198.9
180.47
194.91
179.96
196.02
188.0
174.74
189.28
172.73
183.96
189.98
196.89
193.92
184.62
182.87
189.84
208.94
186.25
197.11
191.37
179.04
189.66
197.45
179.61
179.62
180.6
196.74
177.95
184.95
197.12
183.65
189.37
190.63
192.56
192.24
195.95
204.85
180.45
186.78
180.48
186.56
175.7
172.26
192.76
188.88
179.0
181.38
194.41
182.47
190.63
187.44
219.78
192.8
182.91
202.35
195.74
197.25
190.17
180.96
186.17
196.08
197.66
174.43
184.49
187.61
172.95
182.83
191.65
191.93
181.88
191.13
200.79
193.23
192.92
170.75
180.96
192.47
175.26
190.26
177.48
172.97
185.19
191.29
179.4
176.54
200.75
187.15
185.74
191.38
176.21
175.57
193.62
185.66
184.15
162.21
191.59
191.65
188.9
178.49
182.55
171.44
179.56
192.2
183.27
177.54
195.18
195.15
197.78
169.6
179.55
187.67
199.42
179.5
183.88
177.46
188.9
183.44
185.69
183.6
189.69
194.27
202.29
204.6
179.1
184.16
175.15
177.39
191.75
183.88
197.75
177.71
170.77
172.75
197.23
197.32
193.41
177.43
198.96
200.53
173.11
188.24
194.91
188.98
188.51
202.59
188.96
177.2
193.0
183.64
179.8
178.57
181.91
182.16
189.01
181.71
189.66
179.99
196.95
197.61
184.46
193.12
191.52
187.43
192.61
197.67
194.66
175.62
187.89
196.5
194.58
180.82
180.79
201.41
172.9
190.09
180.96
187.16
181.29
182.64
187.56
189.65
200.74
167.99
187.57
172.11
178.83
187.74
197.6
173.8
186.08
179.6
193.89
165.03
193.72
184.49
184.54
170.42
187.96
180.67
174.94
188.54
178.23
177.24
196.64
186.41
179.26
186.21
193.84
188.01
177.98
191.95
183.26
195.02
182.13
189.1
179.87
176.13
194.66
211.22
189.33
187.64
186.52
176.89
198.4
189.77
175.61
189.6
171.95
181.94
190.6
194.13
193.34
189.8
190.94
175.41
191.54
169.4
191.03
180.26
184.77
211.28
195.85
194.51
184.91
174.82
185.89
172.59
177.05
191.59
187.36
192.42
190.08
178.55
176.38
186.22
200.68
195.25
195.55
191.3
192.45
199.31
185.34
176.11
195.91
179.77
194.74
198.89
202.8
183.51
174.21
194.71
168.95
182.32
186.1
176.49
183.07
179.84
189.46
179.02
203.09
200.24
183.97
190.06
181.47
191.05
191.46
198.17
168.99
177.01
195.35
177.48
212.24
204.08
199.75
199.98
191.54
202.25
197.21
174.29
189.84
194.45
199.33
193.09
178.92
192.77
219.46
193.56
175.06
190.49
184.46
194.57
195.8
187.02
194.85
191.44
187.4
190.09
175.16
178.45
182.63
183.37
171.28
203.18
188.73
173.63
201.93
182.32
197.04
193.51
174.07
170.51
172.37
180.21
185.77
181.19
181.76
200.94
198.3
192.67
180.28
185.84
185.8
181.12
190.01
194.21
181.69
183.8
190.52
181.74
210.1
183.73
193.36
189.55
183.52
184.22
186.35
197.87
189.76
180.03
171.54
186.31
182.24
185.58
205.4
191.16
173.01
179.24
195.83
183.39
170.06
179.99
180.05
194.16
195.91
171.5
186.66
186.45
191.52
179.91
209.29
186.28
190.67
181.08
189.1
188.11
184.22
188.21
187.63
198.97
183.29
187.72
177.35
178.55
192.53
189.39
188.09
182.83
205.34
185.06
190.48
191.6
184.65
189.45
209.21
178.27
185.53
181.69
179.11
190.49
166.8
176.16
177.65
172.03
192.55
184.2
175.84
183.01
176.69
175.52
186.57
195.11
209.2
199.48
183.31
187.87
177.45
195.32
196.06
186.99
201.67
197.38
186.26
179.15
177.55
174.15
200.04
184.32
174.99
189.24
176.81
186.31
183.59
180.2
186.51
172.27
182.73
192.57
190.12
195.03
176.3
185.3
184.39
174.37
192.9
168.82
176.97
187.44
200.07
199.95
196.14
181.4
179.97
194.82
193.13
190.24
174.26
182.77
179.51
184.61
199.85
189.26
190.24
196.18
193.78
190.34
186.71
197.56
183.57
180.03
203.73
179.26
181.82
198.62
182.47
189.85
192.15
187.37
197.85
167.35
179.6
198.39
195.12
199.25
187.46
182.19
184.62
177.68
197.4
188.15
178.51
179.01
183.98
176.93
200.26
186.18
207.61
183.96
182.94
184.92
176.31
185.02
191.02
179.22
186.73
190.7
175.94
182.81
185.83
196.67
192.66
192.16
201.92
178.02
190.31
202.15
175.2
192.21
175.04
175.92
182.32
195.32
202.3
182.11
182.03
184.35
173.85
189.56
179.53
185.38
191.17
207.24
181.87
210.93
186.85
176.54
172.38
180.6
186.11
193.59
176.53
197.67
176.9
181.13
189.15
186.02
186.92
184.33
184.37
183.03
172.23
189.89
196.9
188.19
184.19
166.82
183.74
192.05
190.04
185.59
211.22
188.31
203.1
202.25
199.04
185.42
187.97
178.46
184.55
171.7
189.87
184.58
170.21
190.65
200.55
180.27
195.98
195.4
183.18
180.79
201.46
181.78
185.19
183.82
187.95
192.35
188.23
198.64
192.88
191.86
180.82
181.4
194.4
190.82
181.98
189.24
192.15
182.86
183.34
181.47
196.29
217.46
193.0
179.05
183.78
188.69
188.93
173.02
190.11
163.01
200.54
192.29
175.72
190.87
198.3
194.35
170.35
182.89
193.7
188.22
170.78
185.98
209.08
193.04
192.18
169.17
183.78
163.66
200.52
192.34
196.76
192.55
175.35
185.14
179.28
196.66
181.94
193.52
177.74
178.46
180.23
188.69
171.08
208.01
184.53
174.87
179.06
190.98
182.33
191.13
197.97
183.66
203.36
185.37
182.26
197.31
203.4
174.97
181.07
183.4
189.15
179.21
197.09
168.67
185.14
179.73
185.15
186.31
204.95
185.61
171.67
200.88
198.91
186.69
187.71
183.04
182.91
177.9
184.12
189.4
198.7
171.05
185.61
193.21
173.91
193.59
181.3
185.18
184.27
176.24
195.22
195.28
182.79
181.85
194.2
191.64
188.65
189.83
177.78
178.42
170.14
198.5
183.68
178.66
184.14
188.47
184.88
174.69
195.41
195.96
178.41
178.06
203.34
198.1
179.0
182.85
193.66
169.8
192.3
193.37
183.46
200.63
173.43
177.54
190.98
186.92
183.91
199.61
180.21
198.03
190.88
187.44
184.46
192.16
177.26
170.67
190.88
197.05
189.55
181.85
177.94
177.37
191.01
180.13
185.16
204.51
192.05
185.87
181.15
191.51
193.59
185.57
182.75
185.77
177.68
188.85
169.46
166.1
189.64
187.36
197.3
186.19
180.04
179.58
185.25
184.51
202.37
190.38
184.94
183.81
187.44
191.43
195.33
176.59
183.34
175.22
193.01
193.62
186.11
193.77
181.72
186.25
178.88
179.63
186.49
190.58
197.73
178.37
188.59
191.11
189.58
181.8
190.36
193.55
178.55
185.61
182.08
188.42
190.66
186.04
215.38
188.86
190.87
194.92
184.91
176.95
192.21
195.04
186.78
175.74
207.25
193.48
175.37
186.62
184.96
202.19
177.7
183.91
204.16
176.97
170.35
181.6
194.34
199.73
194.58
182.14
189.38
198.41
195.67
179.98
179.32
191.35
187.69
186.48
190.6
197.85
200.52
189.59
193.22
193.32
189.6
186.57
179.82
185.64
186.27
187.24
181.73
193.83
174.84
189.06
189.38
198.52
181.34
188.5
200.4
192.77
165.83
196.09
186.21
180.2
187.98
171.23
204.94
211.43
183.51
197.29
186.51
178.99
177.62
200.78
192.5
186.91
201.58
176.98
194.15
208.62
207.76
180.28
181.47
190.15
198.73
176.67
191.26
182.78
195.7
196.68
190.29
203.37
178.95
212.35
202.61
174.6
210.44
192.33
190.06
178.56
183.78
200.03
180.19
187.52
189.6
187.53
198.53
189.78
184.76
172.8
194.65
177.16
189.66
196.5
193.75
176.35
193.11
178.61
182.01
188.0
200.18
210.98
182.04
181.47
191.59
195.53
184.89
183.47
187.86
189.94
193.8
192.58
190.58
204.85
186.21
201.95
191.55
165.98
193.23
178.88
190.13
184.87
180.0
189.85
184.97
194.02
191.2
178.69
178.52
179.55
186.86
188.9
193.75
192.93
181.99
171.38
182.71
185.73
176.43
194.98
190.15
178.52
187.92
193.5
187.88
189.36
187.05
171.34
187.75
199.56
188.86
181.21
197.45
183.54
179.38
202.73
176.99
203.35
184.27
181.62
182.55
182.4
186.37
178.66
181.12
193.42
185.61
194.52
178.54
188.68
189.2
170.66
170.43
185.7
182.1
165.32
191.31
181.01
184.05
178.84
179.65
189.14
186.67
185.89
183.93
174.17
168.73
178.5
200.2
189.45
163.42
185.2
199.02
188.57
181.79
193.5
187.54
189.81
188.31
208.4
200.03
180.49
189.36
183.66
198.14
189.36
210.41
201.31
189.64
186.28
183.14
184.93
174.94
192.68
182.69
195.29
195.64
179.92
179.2
201.8
190.58
196.13
181.77
185.34
184.07
196.14
186.21
184.83
183.73
184.61
191.81
182.68
177.82
198.87
183.35
181.29
184.51
190.99
184.37
198.68
194.51
184.11
208.95
198.19
183.35
196.86
175.4
181.82
178.65
179.98
195.24
188.02
182.0
199.18
196.15
193.09
185.22
188.12
176.24
194.21
183.79
191.81
203.53
186.03
202.96
197.38
190.99
175.0
182.57
200.6
189.94
173.86
196.3
179.26
178.81
182.57
180.56
180.63
188.69
187.45
176.71
179.53
184.23
181.3
182.27
182.31
190.98
198.29
196.66
180.92
178.42
185.96
171.82
176.51
189.79
197.8
192.11
179.99
190.52
195.12
194.64
180.7
193.61
192.17
199.31
207.62
185.17
190.13
191.69
192.24
188.86
173.64
190.29
192.49
182.54
194.74
174.32
189.36
188.73
198.9
195.08
191.66
186.28
191.85
174.08
193.09
206.97
185.54
184.18
191.05
188.04
198.39
184.02
189.82
184.89
175.09
189.37
197.25
191.87
179.5
190.03
174.29
189.71
192.37
168.96
194.43
196.29
186.22
196.68
182.3
186.44
194.45
188.94
176.33
186.28
186.55
178.23
189.16
189.39
172.94
191.37
195.78
186.1
174.98
176.71
189.16
197.15
189.93
178.5
191.66
185.67
170.9
188.33
196.36
183.96
196.62
186.01
190.23
197.17
190.5
181.89
175.03
176.76
196.77
195.37
194.82
184.77
188.82
200.42
186.35
195.89
215.77
186.95
188.94
194.34
192.3
187.0
200.78
179.61
189.91
178.82
182.09
187.19
187.8
194.76
187.68
179.47
183.04
199.32
186.8
182.61
177.94
180.28
183.51
180.61
192.57
190.66
195.5
198.17
185.9
190.3
190.49
183.2
179.29
185.27
195.4
176.59
192.33
188.5
196.18
180.65
202.69
186.43
172.85
192.74
191.35
181.2
191.62
183.44
189.22
187.09
191.23
191.12
191.35
176.64
176.92
190.75
199.72
199.14
186.29
182.86
177.57
188.72
176.76
183.82
178.59
191.13
196.88
193.87
166.09
179.86
184.22
182.88
174.64
204.06
194.56
191.61
189.22
198.28
197.98
184.57
178.96
179.12
202.16
193.94
182.12
185.88
191.36
187.1
193.18
199.84
188.06
181.52
185.11
196.48
184.21
187.11
196.27
207.0
194.4
183.68
186.7
185.5
194.14
178.51
173.77
187.31
196.64
188.14
193.26
191.92
194.85
185.93
188.82
196.4
183.07
190.96
170.84
185.96
193.98
174.0
182.84
187.15
200.16
211.47
170.98
195.23
180.95
188.45
184.54
173.93
196.33
191.79
180.35
197.34
179.5
179.55
187.32
191.17
185.97
190.23
194.64
188.66
190.64
189.72
189.96
197.27
193.79
179.29
181.07
182.96
201.57
192.87
183.63
184.06
185.62
177.68
191.3
191.1
182.81
183.67
178.46
183.66
197.31
187.47
181.64
190.03
218.41
187.82
180.34
200.24
179.15
184.73
190.44
197.06
188.39
179.65
178.69
196.26
183.37
186.89
184.23
198.29
183.96
196.1
192.47
183.09
185.95
202.66
175.38
189.47
166.03
188.14
179.45
181.88
191.05
178.62
191.75
189.99
192.24
188.65
192.48
176.06
194.13
177.8
202.26
190.49
187.7
192.74
190.47
174.38
192.06
181.54
185.52
184.41
171.52
198.9
181.96
196.6
197.6
179.43
197.19
177.39
190.07
177.04
185.22
199.71
180.36
178.38
194.96
180.02
181.29
172.49
200.32
202.3
186.1
195.33
196.89
201.16
183.35
176.74
193.86
181.91
195.25
177.12
195.27
186.34
191.06
170.3
171.5
174.76
183.64
204.52
180.97
193.14
198.2
179.2
197.52
183.64
185.27
183.49
190.88
191.82
174.98
185.38
199.25
186.32
186.54
191.6
207.33
204.75
202.8
177.34
189.85
182.32
189.52
182.02
190.23
181.37
200.28
195.04
179.71
192.08
198.64
187.83
199.78
192.21
175.47
188.62
177.15
192.69
189.88
190.66
187.89
183.22
185.92
198.95
187.06
201.51
189.45
178.45
189.25
183.85
187.89
189.46
176.89
183.26
183.27
180.98
170.86
190.74
194.95
182.85
167.61
172.69
201.03
190.77
186.38
175.13
192.45
182.56
184.8
193.04
183.53
203.37
198.3
175.18
189.13
187.54
192.78
186.14
186.73
176.7
196.22
189.41
187.81
177.05
186.55
184.16
187.08
195.39
193.7
183.09
201.07
178.91
183.12
172.21
180.83
187.42
200.5
174.91
187.87
198.14
179.53
188.62
199.76
195.5
178.79
187.87
197.85
199.6
187.05
187.43
183.25
189.22
180.05
179.37
188.3
195.79
198.43
181.87
176.47
192.24
192.09
183.08
173.4
196.39
187.73
193.45
190.26
195.04
171.94
186.38
187.73
193.04
164.0
191.41
177.54
196.48
190.16
206.56
196.25
188.28
179.7
189.86
191.13
200.89
183.63
185.36
188.1
202.2
184.82
198.02
186.07
178.3
197.93
193.18
175.28
178.46
199.37
184.12
189.53
195.0
175.43
181.74
185.58
191.61
192.74
203.54
186.67
184.52
200.35
183.06
181.59
182.4
191.58
189.95
186.86
186.24
191.01
186.16
189.8
188.09
182.15
184.12
174.72
190.74
191.67
180.84
176.43
176.66
197.73
200.68
183.08
179.15
192.3
196.53
173.67
188.04
183.31
205.34
185.95
200.42
195.13
186.13
188.74
194.95
176.96
183.85
191.39
182.93
194.21
189.43
197.98
177.16
190.91
187.7
187.69
184.33
204.27
175.51
186.78
181.49
178.23
191.27
200.47
189.93
201.13
194.0
195.9
184.87
197.13
181.1
205.32
180.46
177.61
193.04
199.54
179.74
197.64
183.93
173.4
203.94
180.87
193.15
187.02
183.58
177.36
182.58
176.05
183.76
184.79
184.2
190.25
209.02
190.93
184.34
187.72
201.11
200.0
190.25
187.4
189.62
189.48
167.73
185.47
179.7
187.67
193.81
184.4
174.65
183.13
194.45
184.68
186.75
186.5
197.52
182.12
187.28
179.61
194.62
192.14
194.51
184.59
195.77
175.85
170.77
207.27
195.74
185.51
189.56
186.39
192.53
200.53
192.53
187.08
184.41
182.99
186.46
199.35
199.6
186.07
203.02
192.71
174.33
196.09
190.57
182.98
180.86
188.9
193.76
176.39
184.2
179.46
169.79
186.36
202.92
196.03
173.28
190.32
190.26
190.73
192.66
179.27
185.76
173.69
183.64
195.93
192.74
