92.0
235.0
205.0
373.0
290.0
326.0
218.0
324.0
356.0
161.0
403.0
231.0
739.0
196.0
174.0
190.0
244.0
196.0
203.0
115.0
140.0
207.0
378.0
268.0
126.0
166.0
215.0
217.0
602.0
459.0
321.0
340.0
258.0
150.0
368.0
229.0
400.0
377.0
374.0
240.0
166.0
374.0
231.0
335.0
191.0
205.0
355.0
380.0
390.0
461.0
454.0
370.0
158.0
100.0
334.0
399.0
209.0
235.0
172.0
155.0
230.0
346.0
236.0
346.0
118.0
205.0
113.0
221.0
162.0
280.0
418.0
230.0
216.0
350.0
126.0
118.0
225.0
175.0
389.0
406.0
213.0
144.0
292.0
210.0
135.0
162.0
370.0
203.0
229.0
375.0
259.0
203.0
196.0
128.0
195.0
373.0
230.0
218.0
106.0
156.0
