104.0
104.0
62.0
61.0
73.0
161.0
65.0
74.0
71.0
70.0
240.0
82.0
94.0
116.0
77.0
167.0
207.0
303.0
381.0
175.0
67.0
131.0
75.0
63.0
63.0
229.0
70.0
183.0
74.0
105.0
148.0
88.0
89.0
69.0
70.0
101.0
67.0
195.0
95.0
63.0
145.0
72.0
68.0
177.0
66.0
107.0
89.0
75.0
152.0
73.0
78.0
62.0
62.0
195.0
72.0
68.0
81.0
73.0
193.0
110.0
92.0
71.0
71.0
91.0
67.0
65.0
83.0
66.0
89.0
72.0
188.0
91.0
71.0
66.0
65.0
160.0
118.0
224.0
177.0
215.0
92.0
72.0
68.0
213.0
65.0
95.0
191.0
63.0
68.0
114.0
74.0
71.0
81.0
89.0
123.0
70.0
64.0
84.0
215.0
64.0
87.0
69.0
96.0
75.0
62.0
81.0
67.0
67.0
64.0
78.0
64.0
75.0
68.0
70.0
92.0
79.0
126.0
334.0
72.0
70.0
134.0
84.0
78.0
139.0
123.0
144.0
78.0
63.0
187.0
65.0
64.0
75.0
286.0
249.0
124.0
69.0
106.0
85.0
408.0
174.0
67.0
65.0
70.0
150.0
68.0
237.0
70.0
206.0
107.0
72.0
71.0
265.0
61.0
67.0
337.0
64.0
106.0
97.0
71.0
63.0
86.0
63.0
67.0
114.0
197.0
65.0
145.0
72.0
69.0
125.0
79.0
74.0
91.0
80.0
