103.0
103.0
102.0
118.0
102.0
102.0
103.0
101.0
102.0
105.0
108.0
102.0
102.0
103.0
104.0
103.0
102.0
104.0
116.0
102.0
221.0
102.0
102.0
114.0
111.0
103.0
105.0
102.0
104.0
106.0
103.0
103.0
102.0
101.0
102.0
252.0
101.0
101.0
103.0
104.0
103.0
145.0
104.0
102.0
102.0
105.0
103.0
103.0
102.0
103.0
103.0
103.0
237.0
105.0
102.0
101.0
102.0
103.0
165.0
116.0
109.0
104.0
103.0
102.0
106.0
100.0
102.0
197.0
203.0
89.0
91.0
91.0
89.0
90.0
96.0
89.0
91.0
90.0
89.0
105.0
97.0
91.0
92.0
91.0
91.0
90.0
91.0
91.0
89.0
96.0
89.0
89.0
90.0
90.0
90.0
89.0
107.0
95.0
96.0
91.0
99.0
90.0
94.0
90.0
90.0
89.0
88.0
89.0
90.0
89.0
89.0
90.0
89.0
89.0
89.0
89.0
219.0
90.0
90.0
90.0
89.0
92.0
99.0
92.0
90.0
120.0
90.0
90.0
90.0
90.0
90.0
91.0
93.0
245.0
90.0
114.0
90.0
92.0
108.0
287.0
93.0
95.0
94.0
94.0
93.0
95.0
198.0
93.0
94.0
94.0
93.0
94.0
93.0
93.0
94.0
93.0
94.0
161.0
95.0
93.0
95.0
93.0
93.0
94.0
94.0
94.0
95.0
95.0
98.0
93.0
93.0
94.0
88.0
86.0
