104.0
81.1
60.2
60.2
62.5
75.27
60.1
69.6
69.0
68.0
106.58
69.8
70.22
75.2
64.7
76.4
87.8
89.2
97.3
76.8
64.6
72.5
66.0
61.3
61.5
90.56
63.6
86.1
65.0
74.91
85.0
70.3
69.4
67.8
63.8
73.8
63.3
78.0
67.6
62.8
77.9
63.3
63.4
96.3
64.9
70.82
71.0
67.8
77.64
67.3
64.0
60.1
61.0
90.3
65.1
63.3
71.5
65.0
78.27
70.4
69.4
63.8
66.1
69.1
65.3
62.9
67.3
63.7
66.0
64.1
77.2
65.4
64.5
64.3
64.6
81.11
74.4
84.0
79.73
80.27
66.3
65.1
65.0
92.55
63.3
68.4
95.8
61.7
63.3
73.64
69.7
69.3
69.5
72.2
68.55
62.4
60.5
61.9
79.1
61.8
64.8
62.1
64.67
63.9
60.8
65.4
63.9
63.2
62.8
64.2
62.2
63.1
62.8
63.2
65.6
66.4
74.3
121.8
64.5
65.0
81.3
72.7
63.5
80.8
68.36
73.56
71.6
61.0
83.4
60.9
60.3
71.3
98.0
106.75
74.73
67.0
74.3
69.25
102.0
80.3
63.7
63.9
65.4
74.5
64.3
88.4
64.5
81.63
71.9
61.9
62.0
83.6
58.7
59.9
116.1
59.1
66.9
66.3
69.9
62.2
64.9
60.8
62.9
70.9
88.4
62.2
85.5
70.2
62.5
76.67
71.9
70.5
71.4
70.9
