91.0
241.0
267.0
125.0
138.0
79.0
124.0
167.0
98.0
76.0
74.0
288.0
163.0
265.0
113.0
259.0
164.0
71.0
122.0
425.0
223.0
360.0
253.0
92.0
149.0
112.0
314.0
242.0
136.0
79.0
238.0
95.0
117.0
67.0
344.0
102.0
201.0
230.0
285.0
107.0
70.0
367.0
246.0
171.0
646.0
211.0
233.0
103.0
110.0
93.0
413.0
236.0
136.0
222.0
90.0
144.0
234.0
220.0
359.0
126.0
79.0
91.0
217.0
192.0
138.0
119.0
402.0
96.0
143.0
112.0
124.0
219.0
309.0
94.0
114.0
116.0
257.0
200.0
215.0
78.0
95.0
293.0
126.0
166.0
209.0
203.0
214.0
342.0
97.0
95.0
111.0
103.0
80.0
101.0
202.0
105.0
224.0
68.0
78.0
310.0
231.0
344.0
251.0
69.0
73.0
228.0
71.0
201.0
225.0
128.0
168.0
71.0
203.0
70.0
71.0
204.0
69.0
134.0
78.0
231.0
277.0
351.0
233.0
183.0
100.0
69.0
420.0
121.0
219.0
125.0
172.0
165.0
169.0
235.0
226.0
76.0
68.0
355.0
72.0
67.0
116.0
493.0
276.0
108.0
92.0
70.0
238.0
144.0
70.0
222.0
135.0
67.0
109.0
353.0
127.0
102.0
98.0
276.0
104.0
92.0
