91.0
83.8
89.38
71.68
72.58
61.9
69.16
71.53
69.47
60.44
60.67
81.54
65.64
72.29
68.8
76.51
73.8
60.55
64.08
75.9
80.32
85.08
76.61
64.75
63.94
66.64
70.28
88.27
66.27
66.56
83.72
59.86
68.29
63.0
79.06
65.96
66.06
72.19
78.96
68.96
65.57
88.06
81.22
71.1
85.18
68.38
71.52
64.02
62.56
63.38
76.1
69.49
70.84
71.46
67.18
66.24
70.62
71.94
82.12
71.41
67.32
61.84
82.8
66.67
66.42
68.68
79.31
62.08
68.16
64.1
62.7
71.4
71.39
63.48
66.55
62.8
84.66
69.68
68.98
63.66
65.9
73.14
68.56
68.3
71.32
68.5
72.56
101.19
62.1
62.98
67.54
64.34
65.6
63.08
64.3
60.56
68.32
60.24
63.86
69.8
72.94
86.63
83.06
60.68
63.3
80.78
63.54
77.14
67.79
69.34
66.84
64.22
73.27
60.82
63.66
67.62
62.02
65.51
65.48
74.39
71.0
88.98
77.51
69.31
67.85
65.47
94.89
69.24
70.38
64.54
70.72
68.22
69.48
79.54
76.16
65.68
62.9
77.6
62.42
62.62
63.12
94.37
84.34
63.72
64.22
62.96
79.7
67.17
62.74
69.2
67.7
63.06
63.74
71.3
61.36
61.0
62.24
78.16
63.92
63.34
