92.0
77.66
73.61
74.81
78.79
69.65
85.71
71.58
73.56
85.96
97.27
78.24
84.77
71.35
71.34
72.65
76.91
70.98
72.24
63.81
67.18
71.7
75.25
82.47
72.08
67.93
78.62
79.62
98.23
84.12
78.92
80.58
84.28
80.68
82.5
75.15
96.57
71.61
76.12
70.33
74.58
82.94
76.63
75.95
75.7
65.71
90.63
78.05
86.74
99.98
101.85
78.35
66.26
64.9
68.74
82.66
72.82
76.74
71.61
65.36
82.89
74.34
82.57
76.36
65.3
75.1
63.82
69.38
64.44
74.44
85.88
70.18
77.53
99.08
69.07
68.62
71.41
73.36
84.54
90.95
86.13
73.18
77.91
77.02
63.96
64.03
75.7
70.23
69.7
81.26
72.07
69.99
71.33
68.35
72.07
78.76
71.78
68.67
65.91
72.82
