197.7
1320.0
380.0
375.0
366.0
367.0
0.0
494.5
566.0
558.0
318.5
322.0
602.0
410.0
642.0
0.0
350.0
553.0
313.0
327.5
323.0
320.0
342.0
535.5
473.0
423.5
0.0
404.33
363.5
302.0
544.0
350.0
691.5
378.0
523.0
404.0
526.0
442.67
570.0
0.0
0.0
0.0
0.0
0.0
250.32
335.92
345.73
263.4
318.87
341.33
280.21
339.21
326.37
322.9
299.6
253.87
297.02
290.73
304.56
291.79
285.75
266.4
298.77
272.03
284.36
286.86
295.98
287.79
316.72
293.2
323.62
289.12
319.63
276.36
276.77
284.26
302.45
328.52
267.58
287.85
289.63
282.26
286.16
264.21
250.25
292.08
279.16
300.11
316.1
270.99
299.65
289.44
281.02
282.16
259.83
274.14
268.09
302.56
285.7
279.12
309.99
292.84
281.15
275.9
285.06
257.43
299.2
278.1
278.23
306.29
299.93
269.13
280.96
278.43
275.85
291.14
279.43
278.82
278.81
285.02
281.39
269.96
280.74
317.19
251.84
289.71
302.65
292.7
295.26
285.81
293.91
318.44
281.72
264.9
307.97
278.07
292.42
301.57
295.91
319.26
263.15
261.8
299.77
290.29
267.01
282.91
279.63
274.45
278.41
283.69
291.58
281.64
281.38
289.66
289.39
294.04
265.34
298.73
261.9
276.24
287.66
277.03
291.1
286.9
273.4
282.97
289.32
303.51
291.03
278.42
286.63
301.4
294.39
288.45
296.35
303.38
301.87
284.2
267.29
284.53
284.6
261.9
306.61
287.66
280.62
278.27
285.93
258.72
297.48
289.75
315.47
291.88
262.16
299.33
270.29
296.48
275.07
288.26
260.15
263.15
292.6
296.47
273.53
278.71
297.44
308.58
288.9
312.85
265.14
298.55
301.71
268.73
263.26
284.4
302.64
298.15
283.02
291.12
293.15
286.4
286.37
294.68
258.98
265.94
287.99
296.85
297.57
274.7
294.52
291.2
276.61
289.8
293.8
279.16
308.59
278.37
280.11
268.03
274.55
264.81
295.85
303.79
287.64
282.04
262.22
285.11
280.88
289.66
273.22
321.73
274.1
318.43
253.83
293.9
264.48
286.66
277.6
264.77
286.19
276.56
270.92
271.99
279.76
291.98
307.12
305.99
278.58
265.13
283.84
294.44
267.43
285.01
287.84
260.21
290.43
279.65
272.38
288.16
289.2
298.79
298.45
300.36
291.17
274.44
279.06
276.11
292.81
305.33
281.47
277.24
282.41
290.03
270.64
302.22
302.46
292.89
320.03
297.5
310.74
301.99
287.38
282.82
288.98
320.6
298.73
265.47
298.99
304.56
284.42
290.63
303.88
273.64
299.27
294.77
279.03
270.74
294.98
259.58
275.39
254.23
270.69
260.51
307.47
291.95
276.12
260.87
280.85
305.38
296.62
313.45
276.97
256.05
272.28
300.01
291.28
298.55
282.9
301.6
287.63
305.26
285.18
292.53
281.81
297.45
282.65
259.93
295.07
277.0
284.2
272.84
285.19
310.4
299.75
288.24
295.5
298.97
292.82
278.45
276.42
294.68
296.22
281.77
291.1
288.58
281.06
269.55
310.5
286.26
313.89
301.39
301.82
301.51
281.26
291.17
269.85
307.76
323.05
295.53
284.42
302.04
272.85
279.02
312.07
305.36
293.94
293.56
285.73
291.18
273.36
277.46
287.3
250.18
272.5
322.82
292.97
309.94
289.93
301.76
283.51
284.49
304.67
275.87
303.66
268.53
274.25
264.02
303.16
308.06
267.27
271.35
305.15
294.09
298.37
294.78
291.58
290.01
288.51
302.08
272.08
274.5
261.4
272.53
288.73
293.84
264.15
277.01
278.29
271.03
289.11
256.03
322.25
282.41
282.41
263.6
280.96
269.36
272.37
310.84
287.13
275.36
264.86
286.33
299.07
275.39
262.28
300.1
289.74
326.68
275.0
277.78
294.03
299.3
305.05
261.39
316.4
290.93
250.5
306.78
279.82
283.79
291.38
302.53
270.7
271.83
291.59
291.77
285.65
269.09
289.95
276.69
292.67
280.1
287.81
264.08
298.59
297.83
279.08
259.67
315.59
281.88
283.19
300.03
284.08
304.44
291.11
280.56
302.23
314.74
259.88
286.6
280.31
244.13
278.36
279.2
309.08
283.06
256.68
295.91
269.49
259.21
287.66
269.93
266.77
298.27
283.67
273.2
293.97
287.65
287.05
267.34
265.88
275.0
275.83
313.12
306.88
276.3
289.6
284.49
305.09
311.15
275.42
302.6
274.8
277.79
267.75
284.1
287.72
277.36
271.39
263.28
282.81
287.5
279.19
275.74
286.29
295.67
283.04
297.41
288.26
285.92
293.17
259.11
275.39
253.14
286.62
290.09
285.59
277.88
274.88
274.35
280.21
267.58
276.48
296.55
271.34
306.95
266.19
280.84
298.97
300.02
303.7
285.91
280.98
278.4
298.03
276.63
281.54
281.69
273.22
274.05
286.7
273.68
295.28
295.47
274.79
272.02
285.11
272.81
264.41
285.21
279.1
256.85
287.41
268.46
272.94
293.69
300.15
301.72
276.23
251.93
280.89
282.64
267.94
320.49
263.77
256.96
256.19
284.93
296.93
307.54
297.23
288.67
295.89
276.35
286.08
278.28
265.79
250.98
285.43
297.98
291.6
296.48
281.45
292.22
302.14
286.43
260.05
277.89
277.8
274.71
278.93
277.27
289.13
274.28
308.71
272.59
262.7
281.13
307.09
282.44
280.08
307.87
286.9
273.54
293.44
266.81
277.41
281.6
287.59
299.54
273.85
262.34
265.38
312.79
261.63
270.86
257.99
313.02
291.85
301.5
303.74
291.55
299.46
306.66
310.73
282.29
277.85
293.4
270.93
284.28
285.89
298.64
313.57
305.73
279.1
285.03
294.78
305.76
275.18
300.65
279.64
279.49
291.86
277.46
302.07
272.65
312.84
270.15
303.29
296.44
282.21
286.76
288.04
262.58
286.33
289.96
286.05
282.35
300.4
272.43
293.92
287.9
281.34
302.81
293.71
293.46
291.95
287.82
300.81
273.32
256.96
271.27
288.62
267.96
338.51
305.62
296.89
304.33
306.76
256.91
291.31
280.69
325.8
269.21
268.8
284.61
293.11
293.23
273.88
282.45
267.86
302.99
261.55
293.12
288.49
306.03
298.32
307.22
292.77
308.58
296.58
295.15
263.56
273.51
290.54
280.33
300.18
268.9
283.08
267.8
266.27
279.74
301.5
278.68
260.36
251.72
271.29
276.52
287.83
291.53
260.24
283.68
293.9
297.82
298.27
298.46
269.6
281.98
301.16
274.72
286.76
288.09
292.94
285.13
285.16
268.77
273.85
286.06
258.93
276.15
307.54
309.42
267.93
309.44
304.63
249.7
269.0
290.77
269.35
273.34
267.13
296.57
286.21
281.53
294.77
279.02
285.93
277.56
262.91
280.18
286.98
284.79
281.74
265.44
298.82
263.98
279.29
287.22
260.1
250.56
283.04
290.59
305.46
270.77
295.37
292.88
303.51
321.79
288.73
285.16
291.36
322.35
276.36
289.92
274.51
291.99
295.5
271.96
287.8
268.76
266.58
268.45
302.04
296.89
292.73
294.96
290.74
268.65
279.49
269.36
277.89
294.74
310.84
292.62
295.9
301.34
286.96
292.07
288.34
297.72
273.59
278.09
297.43
266.79
305.84
279.38
271.61
292.43
254.9
297.39
274.51
299.29
288.63
271.08
286.41
285.46
246.12
269.1
286.26
286.99
283.07
286.21
266.5
263.9
311.25
311.02
264.47
288.74
283.48
271.01
273.52
287.16
277.3
274.07
320.5
300.28
254.28
312.83
297.24
311.79
288.57
286.9
299.18
295.05
272.2
281.22
304.57
283.37
302.16
285.05
292.41
277.04
262.28
305.83
285.56
282.39
264.83
279.18
261.95
299.6
260.27
266.81
286.52
305.39
289.15
278.79
289.66
277.77
295.41
289.3
286.94
279.99
282.01
287.52
303.0
261.33
301.95
299.05
307.71
289.87
287.21
281.76
293.68
306.87
283.63
302.87
314.82
278.1
302.59
280.06
271.52
290.57
272.82
293.05
300.34
261.25
291.37
291.0
284.56
259.93
284.8
285.69
261.34
302.81
297.05
283.6
291.21
300.9
261.04
303.5
299.6
285.18
291.86
289.82
279.88
303.26
293.11
302.89
292.06
264.96
295.32
320.27
289.73
287.25
319.99
282.18
300.37
289.73
273.21
288.03
287.69
301.65
309.62
262.95
269.33
295.11
286.91
294.09
299.6
296.66
293.07
269.46
310.91
261.28
277.87
272.09
299.65
309.57
272.53
285.36
285.94
272.15
281.15
287.27
280.17
289.02
278.14
267.58
299.33
299.51
281.59
274.04
265.02
271.23
312.95
278.17
287.49
261.43
280.06
296.07
304.78
252.91
278.91
309.99
268.45
283.97
293.45
299.07
283.92
276.42
255.97
292.26
285.84
284.34
290.35
276.95
299.8
296.28
299.47
261.65
318.18
312.29
296.25
306.13
311.82
292.78
294.15
305.44
281.31
280.02
298.88
281.66
293.45
278.46
276.55
317.63
298.53
265.54
287.08
286.26
275.01
271.81
283.96
277.74
284.78
300.26
298.09
278.05
266.38
305.29
271.62
288.76
320.41
273.46
245.04
303.84
296.04
302.1
288.16
310.84
270.17
316.84
297.93
307.46
285.24
288.49
283.17
313.96
269.06
283.02
290.07
292.78
263.5
279.42
294.0
278.72
269.97
326.42
262.16
295.16
280.09
256.38
243.33
297.78
307.37
309.39
284.4
284.6
299.97
262.64
289.7
291.82
288.51
291.73
278.03
301.8
274.6
283.66
284.01
294.91
288.76
290.79
295.68
298.13
289.0
285.48
272.41
301.4
299.0
286.73
282.68
281.01
298.46
290.72
290.18
264.45
258.59
263.72
281.93
288.34
289.21
281.08
295.87
292.66
282.09
293.8
300.32
271.16
277.03
265.38
249.48
266.25
279.62
278.07
291.16
271.34
310.25
323.04
282.21
288.47
284.48
302.57
301.97
289.79
268.5
295.01
298.82
301.69
271.93
288.65
283.71
268.69
271.41
318.14
279.95
297.43
292.11
268.3
292.7
295.27
266.69
296.9
280.77
287.82
274.39
293.63
289.75
296.96
302.53
273.32
308.96
273.98
252.01
275.45
281.59
282.17
277.08
277.14
253.51
290.36
275.13
275.43
269.34
301.07
284.15
301.38
287.77
290.12
287.29
272.93
264.4
301.6
302.22
288.09
303.46
287.36
296.64
270.63
282.02
275.57
285.47
273.3
267.0
267.47
274.88
281.25
277.51
290.28
300.85
296.44
288.94
295.9
310.82
295.97
286.41
293.98
307.94
268.97
263.15
301.51
250.04
266.22
312.51
283.93
274.17
292.7
294.57
273.23
295.35
289.48
283.59
297.92
287.96
275.0
278.55
305.6
281.91
287.4
296.17
275.96
280.53
289.16
309.01
294.11
266.88
279.16
283.86
255.5
279.63
299.33
294.43
294.29
284.08
286.59
308.6
317.64
274.22
268.19
295.7
293.1
279.93
287.16
294.26
290.85
287.63
271.49
270.95
301.67
290.26
268.55
307.8
309.33
280.1
293.53
318.35
264.45
290.12
323.47
304.73
279.59
281.74
270.63
275.05
282.31
285.03
300.28
289.39
316.24
272.3
274.95
287.94
318.79
265.41
305.2
283.29
274.45
290.97
299.1
273.0
252.8
299.11
279.12
263.37
303.84
284.89
291.87
269.59
291.2
263.33
273.23
309.06
269.35
290.21
269.23
295.57
275.6
282.92
279.19
280.14
304.16
284.04
277.75
271.74
270.43
271.75
313.91
295.98
292.26
306.02
292.38
287.65
261.49
280.74
271.25
264.7
287.32
272.28
290.56
268.77
290.07
254.97
309.67
281.64
306.88
269.55
301.83
281.08
280.62
289.89
280.44
263.27
268.6
296.88
288.81
274.86
285.37
298.16
267.18
275.45
299.64
277.88
282.83
286.15
302.97
288.59
305.34
269.98
267.4
325.13
309.01
268.75
291.59
251.55
310.03
282.55
297.19
277.26
268.76
287.65
272.95
278.44
283.55
269.77
286.25
286.01
281.49
301.6
310.01
301.59
281.36
282.76
279.3
284.21
267.87
292.48
267.31
294.9
292.32
289.3
275.77
275.27
322.37
287.72
275.23
265.81
299.68
281.87
292.61
279.54
271.56
274.38
278.86
300.95
321.62
254.04
265.88
277.19
288.43
265.72
274.87
302.24
297.0
294.88
296.23
303.17
280.16
254.01
294.62
308.73
272.65
282.98
275.89
283.01
275.11
294.44
269.71
293.12
275.39
298.19
270.5
281.78
293.48
294.28
299.88
279.12
268.97
313.53
291.15
291.39
317.58
296.51
263.4
276.45
276.66
283.45
292.02
285.5
302.25
287.39
278.64
266.15
258.37
279.82
265.22
286.66
289.49
283.47
308.84
281.72
280.82
286.09
274.55
286.19
299.62
298.4
279.87
275.0
283.63
310.11
271.72
306.28
269.91
272.14
281.11
299.69
318.38
276.98
261.54
283.88
310.31
265.99
270.59
287.17
267.9
257.03
275.7
299.05
273.6
319.88
292.7
303.0
297.02
265.16
293.86
290.06
302.63
282.22
294.32
278.83
245.35
274.66
303.67
280.79
286.36
298.53
280.61
268.02
270.46
282.7
303.17
285.38
282.37
274.48
290.98
303.1
296.61
301.05
289.04
288.52
268.6
292.28
321.24
291.98
291.54
310.84
296.78
319.7
278.17
269.38
289.53
310.0
269.64
263.04
288.46
263.99
296.34
284.88
306.63
274.17
295.19
269.88
289.45
303.45
298.21
288.28
281.09
269.45
261.6
291.06
276.15
293.65
244.78
275.2
276.16
281.71
305.39
318.51
284.75
288.78
263.31
280.82
284.2
271.61
275.85
306.84
299.92
284.87
301.49
294.49
277.71
290.5
277.25
285.71
294.06
268.94
284.44
285.77
282.47
268.19
278.91
282.92
286.46
281.95
296.45
287.36
291.45
287.59
280.19
275.58
270.5
310.31
292.26
281.52
286.85
277.74
286.38
298.42
277.96
272.94
286.13
285.3
285.94
274.38
261.04
303.76
290.85
312.01
310.59
268.45
317.71
300.28
289.27
275.14
273.63
302.33
301.41
282.56
264.3
276.48
279.74
283.02
278.18
249.57
283.85
273.77
295.86
299.37
249.07
260.23
250.6
266.54
263.72
302.36
278.67
281.15
267.46
278.15
261.5
291.41
280.39
257.58
295.64
287.46
275.09
262.04
277.23
273.58
278.88
272.89
289.48
266.61
292.51
300.77
283.68
301.19
262.61
292.91
308.65
308.89
294.92
295.68
297.53
255.19
314.34
320.87
262.95
286.19
289.46
279.69
273.62
265.04
307.71
303.88
288.79
283.13
288.33
285.12
298.48
257.51
289.33
298.59
280.32
277.84
298.96
292.2
278.16
267.2
282.45
267.24
274.06
262.33
284.91
305.51
276.75
294.09
262.5
306.87
302.0
293.12
302.21
278.65
298.42
303.55
300.23
280.91
299.84
293.07
302.46
296.22
283.03
304.01
292.26
311.1
304.31
293.67
292.76
276.25
267.44
305.55
284.42
305.21
266.18
257.39
296.54
291.68
253.47
304.34
281.04
292.26
296.82
269.9
280.47
265.37
274.29
297.57
286.31
255.32
277.83
280.13
307.07
294.82
303.43
285.85
319.25
257.28
270.74
252.36
286.5
264.82
298.61
298.6
283.07
281.5
281.64
260.91
295.32
269.75
258.76
293.82
279.44
298.97
294.34
269.7
297.81
307.38
259.1
277.79
274.22
281.72
265.56
285.94
296.91
263.19
301.81
254.0
290.52
282.25
295.3
294.82
298.87
306.43
298.23
284.07
271.6
307.86
315.81
296.5
308.42
262.5
273.0
280.02
303.21
311.96
283.8
286.96
261.72
289.73
280.05
311.58
286.57
264.91
284.48
307.02
265.29
277.01
275.98
298.14
299.63
288.13
321.19
271.32
305.96
279.49
272.43
305.29
275.18
299.32
292.14
286.0
300.93
297.48
270.72
260.27
301.55
288.24
288.88
273.64
261.66
278.8
267.98
281.93
280.07
306.2
270.12
279.67
269.07
309.02
301.71
295.94
275.55
343.19
293.24
300.65
281.22
286.67
293.61
272.53
293.64
298.51
288.64
301.85
294.83
292.79
288.54
273.5
274.01
288.17
290.78
285.33
284.62
301.45
317.3
286.29
286.09
278.08
298.2
295.06
293.11
299.11
266.24
274.92
306.43
323.55
263.18
296.68
310.35
296.29
288.41
288.04
262.01
282.98
274.63
305.5
300.56
303.68
278.05
295.24
301.37
259.05
294.13
290.08
273.01
288.39
298.56
286.88
262.67
256.46
291.3
299.57
268.99
300.43
290.85
312.88
309.55
289.64
293.93
258.45
286.33
291.3
268.06
298.46
295.51
258.71
288.69
265.49
287.91
300.26
278.26
252.76
305.9
309.02
271.74
279.5
305.92
282.14
283.48
303.74
282.48
265.94
291.74
291.6
268.71
285.87
247.47
285.49
269.73
300.56
268.7
279.39
287.89
321.67
295.2
308.68
297.86
288.56
288.84
270.25
308.43
260.65
279.99
295.77
268.58
266.33
281.45
297.13
283.09
278.65
297.44
269.33
286.44
278.23
283.06
294.06
290.95
288.99
278.87
300.05
288.09
313.41
299.28
275.99
275.64
271.74
287.22
259.52
295.74
299.18
290.19
276.18
274.29
282.1
284.05
297.85
304.08
294.05
283.63
286.45
292.46
268.53
274.83
297.85
283.46
269.24
284.11
291.69
265.7
292.25
270.54
294.14
283.68
271.41
270.1
284.99
265.02
290.56
283.01
312.38
286.75
275.6
311.15
277.06
264.97
262.57
303.6
305.83
293.35
282.49
278.17
263.94
258.65
289.57
260.7
267.77
281.99
292.67
261.82
270.09
296.96
283.34
279.03
305.01
285.28
258.36
281.48
277.18
269.93
278.14
287.7
273.77
299.86
290.55
285.86
286.65
277.58
283.07
295.11
310.56
304.96
286.16
291.36
291.48
261.76
288.9
303.41
274.28
275.77
263.32
266.67
287.6
288.71
296.33
294.41
298.71
264.07
275.66
312.63
275.48
283.58
304.23
335.28
276.84
281.83
266.82
295.88
301.46
269.56
273.81
295.37
304.56
300.63
312.13
264.2
289.3
302.01
286.43
293.87
335.53
299.08
276.01
305.55
300.78
310.62
274.93
273.98
305.91
279.39
278.45
295.1
283.54
285.99
301.98
293.83
284.54
300.19
275.73
271.64
297.89
291.35
307.65
294.0
285.64
274.4
266.18
272.73
276.46
278.96
287.15
262.99
278.83
308.23
297.95
289.7
292.41
275.53
297.73
279.4
294.82
306.69
294.26
260.4
287.92
303.42
290.57
280.11
275.34
273.65
298.83
300.82
299.74
289.15
304.74
291.57
283.69
276.97
276.23
302.61
267.75
306.63
290.29
288.74
284.61
315.14
259.68
298.31
278.83
292.31
282.68
262.14
271.45
275.06
272.14
280.21
284.81
292.89
288.02
251.87
262.33
278.58
298.77
279.05
276.85
296.81
274.25
292.07
313.79
283.71
283.15
289.29
299.46
266.9
299.67
305.59
276.01
290.71
279.05
270.98
288.29
291.53
286.72
262.23
268.13
254.65
293.41
271.02
279.96
314.97
304.7
299.14
285.86
289.0
285.88
279.58
282.95
285.25
312.9
282.45
325.18
317.65
281.08
269.66
297.59
294.6
281.0
277.88
265.73
270.55
303.19
278.01
275.05
260.33
272.78
283.49
290.05
264.16
286.19
285.76
287.42
295.59
288.71
297.41
288.75
294.68
276.48
275.36
274.59
311.07
266.08
262.61
287.31
295.09
306.09
291.35
261.36
282.59
281.25
279.01
262.36
307.94
315.52
269.24
253.73
244.17
280.45
282.33
298.41
291.61
277.04
274.45
296.2
272.67
281.49
290.62
267.67
273.5
256.6
275.8
300.17
295.58
271.04
252.26
296.73
266.42
285.61
279.82
275.84
265.04
276.38
277.49
268.49
288.83
288.43
276.19
278.52
280.88
278.95
300.34
290.89
305.84
289.23
275.3
284.59
284.41
272.22
290.17
299.57
255.73
277.53
303.27
293.81
304.88
278.69
272.84
303.7
277.99
268.16
258.53
292.0
276.44
259.34
288.7
292.38
276.41
291.94
289.76
261.51
277.26
281.47
301.64
288.14
290.29
287.23
274.47
266.02
331.85
283.05
288.74
278.27
285.29
263.5
299.19
285.22
299.91
277.14
281.02
265.66
257.63
300.41
294.77
285.23
314.52
299.13
289.36
297.33
285.35
292.44
311.56
298.93
284.3
298.52
259.08
281.96
278.18
282.73
273.83
277.26
279.68
268.34
275.4
291.11
290.28
311.63
264.61
295.01
310.68
317.22
290.81
274.53
294.51
305.9
284.76
265.8
268.24
291.33
272.98
302.15
272.68
321.94
295.99
291.57
275.08
293.95
287.45
290.52
303.56
267.91
279.72
280.05
293.24
276.62
276.43
278.92
281.91
303.68
281.26
291.63
283.72
271.86
300.32
284.86
307.98
286.81
309.0
290.5
278.9
306.88
266.29
277.25
276.63
293.12
301.9
304.59
276.39
275.6
313.8
271.43
281.21
279.05
264.67
289.45
297.42
277.03
272.24
281.74
273.82
279.91
283.04
327.77
270.38
279.7
274.85
293.51
290.37
278.56
290.48
301.96
318.3
420.11
337.79
294.05
251.58
288.47
318.64
287.98
275.43
239.49
274.18
298.12
294.06
294.23
285.59
286.07
283.37
290.82
305.21
293.52
272.17
278.42
289.58
288.77
273.11
276.8
270.41
265.86
285.7
315.67
277.23
303.92
299.47
296.63
263.16
293.96
277.64
330.41
275.25
282.1
248.89
286.25
279.15
301.61
263.51
272.35
287.76
303.66
289.64
273.56
261.65
299.6
308.25
271.7
256.1
283.43
278.8
288.86
263.04
290.63
258.92
294.66
282.78
270.97
269.24
289.07
313.56
277.21
282.08
288.08
296.27
287.04
292.96
288.86
272.18
302.16
289.92
315.97
301.63
298.72
278.87
289.82
271.58
281.38
293.54
315.95
281.83
292.15
285.45
268.84
273.28
275.31
274.94
299.19
315.72
262.28
295.47
264.88
291.83
296.72
273.7
291.52
304.08
290.91
274.7
287.67
281.29
284.78
294.66
267.11
270.34
300.62
262.21
290.33
284.79
256.1
289.88
262.14
280.54
286.18
264.65
315.53
278.1
280.24
302.65
303.37
291.69
303.59
286.01
253.71
282.67
291.73
297.64
277.33
251.72
298.07
307.47
299.95
302.39
298.86
294.95
279.81
270.5
296.92
268.63
307.4
290.41
262.74
268.76
293.28
292.95
263.75
286.54
308.33
291.02
286.18
271.58
265.49
278.61
277.02
273.57
280.26
272.75
284.46
273.92
301.56
289.91
292.33
284.52
290.23
285.75
304.91
317.23
283.05
301.05
292.93
286.29
277.43
292.57
261.63
324.33
308.93
295.38
270.37
278.86
308.01
295.15
284.04
308.54
298.22
281.86
305.37
269.25
309.58
278.68
280.68
281.88
293.12
303.8
272.56
272.26
282.08
310.6
295.17
298.28
296.08
276.76
283.36
283.98
307.8
311.01
296.46
297.02
308.39
288.54
299.64
324.63
313.83
299.27
268.75
290.09
285.04
293.59
301.19
273.63
291.78
310.62
283.39
285.54
291.63
279.02
283.82
261.17
277.55
288.04
292.2
287.25
305.29
288.69
289.8
273.04
278.23
293.85
317.18
276.4
255.06
295.03
290.45
278.56
303.72
284.98
274.63
278.38
280.25
283.21
271.58
272.74
294.39
277.41
295.81
276.4
278.06
310.47
256.43
263.19
288.16
275.02
257.86
275.61
280.43
271.92
280.53
310.57
278.08
295.65
319.74
287.88
287.97
317.5
287.15
292.33
296.61
280.33
286.96
279.23
285.92
247.86
275.28
304.16
293.02
293.95
277.43
293.54
276.18
268.4
311.92
281.46
281.31
281.63
264.35
292.55
286.07
291.18
293.1
276.85
250.38
278.26
289.6
265.03
281.59
282.06
274.78
301.76
293.69
268.26
320.11
277.61
283.67
293.95
291.43
294.7
269.23
291.86
286.71
292.26
282.92
271.92
298.17
277.73
244.86
273.24
283.16
271.97
257.85
286.19
291.97
295.87
289.93
277.91
301.99
277.06
274.45
294.13
280.77
295.67
301.45
274.84
281.85
284.3
299.7
311.76
286.32
290.82
285.08
305.76
282.51
302.42
310.32
301.98
282.5
278.85
286.64
304.53
268.2
286.08
302.31
270.76
275.69
268.79
283.84
287.59
260.46
289.19
278.9
273.05
273.55
323.2
287.15
301.53
276.44
270.7
274.91
269.93
284.7
276.92
289.55
306.87
277.56
261.49
277.77
267.51
275.97
296.85
296.54
248.7
270.27
290.98
273.65
279.5
246.88
274.58
292.21
322.17
302.89
298.89
261.93
305.64
304.65
274.27
281.67
271.95
278.22
266.36
277.09
293.31
294.13
283.57
284.13
296.27
272.13
262.57
282.24
291.07
284.74
295.47
286.29
362.04
298.0
281.26
278.67
298.88
325.19
309.19
281.56
300.69
269.95
275.49
287.97
295.49
272.22
301.69
298.48
298.14
296.32
289.1
299.7
268.43
285.27
277.77
286.48
269.09
301.41
279.14
289.24
276.99
277.6
287.19
288.92
280.57
268.88
279.33
278.59
290.18
282.9
296.37
279.88
278.4
292.13
273.75
289.68
298.48
276.37
305.09
307.91
281.67
279.29
281.64
297.55
274.36
288.17
323.63
279.31
314.84
271.04
251.98
268.6
281.61
304.58
289.33
277.66
281.15
269.33
291.03
275.45
281.23
303.94
289.68
301.16
274.74
295.41
256.04
261.24
267.85
300.51
296.72
256.04
298.56
284.62
307.87
264.92
289.18
258.96
272.89
307.78
269.69
300.0
298.97
275.56
289.37
276.74
309.1
285.22
254.04
316.3
265.97
270.77
272.08
306.52
287.97
278.73
279.07
257.26
292.91
260.81
266.67
268.48
304.75
259.41
297.49
281.57
294.43
303.28
284.61
274.47
290.69
288.51
286.29
288.75
279.26
271.78
296.07
278.63
292.89
289.55
289.56
296.61
272.59
320.87
298.12
302.32
286.72
244.81
268.64
285.88
275.31
278.93
309.11
279.99
267.27
294.92
307.09
290.73
298.51
261.0
305.89
277.45
271.47
283.7
294.64
312.27
278.96
273.76
311.69
290.31
272.44
308.96
290.44
304.67
263.09
275.81
276.51
282.47
307.39
298.38
309.06
304.82
270.76
282.93
288.45
295.57
274.82
300.19
311.03
260.3
272.64
271.41
303.07
285.77
299.31
286.55
302.63
243.89
269.19
280.52
269.75
299.37
287.97
284.49
281.16
317.2
256.9
304.15
297.06
279.43
262.57
263.34
293.58
296.03
280.71
264.75
300.28
307.92
304.52
281.43
296.67
335.46
258.36
266.96
266.74
292.38
286.42
309.13
298.74
271.35
283.76
269.12
283.67
306.76
279.62
280.53
294.47
297.17
274.53
290.41
316.35
272.12
289.45
288.68
281.75
303.57
315.29
267.66
296.39
298.36
316.0
279.18
290.96
284.73
287.45
283.91
279.71
277.99
264.99
287.47
308.32
252.61
286.8
307.09
303.63
293.97
285.38
279.35
271.15
306.04
283.98
276.78
295.25
267.35
278.38
281.25
291.86
305.06
304.22
305.33
294.04
284.89
282.74
281.33
306.57
293.02
295.15
287.67
281.7
309.15
304.04
311.65
280.81
300.62
264.21
297.86
286.51
302.01
282.24
296.09
303.56
266.19
291.52
277.48
263.93
315.24
284.24
295.35
266.28
290.72
286.11
264.73
274.25
294.36
322.88
309.51
278.97
254.69
256.06
257.63
307.03
285.32
309.47
289.13
274.02
262.64
267.05
276.02
277.72
285.08
277.7
302.17
286.44
307.29
287.21
272.65
282.5
299.74
285.14
298.74
251.4
309.95
296.21
312.04
309.15
291.38
306.4
288.37
280.94
289.05
277.84
295.83
290.63
280.42
284.29
276.09
279.12
309.05
284.39
290.26
293.78
301.3
303.11
246.36
299.51
292.19
304.57
280.31
277.12
261.54
307.5
281.48
270.56
271.14
278.77
253.62
270.49
263.15
288.43
300.46
285.3
260.11
278.0
282.8
295.34
306.35
284.28
294.28
256.08
283.6
292.96
298.92
293.22
280.24
288.09
266.22
283.3
263.93
275.07
252.61
279.84
282.39
291.57
272.63
296.29
268.52
298.87
268.13
254.92
264.31
284.72
275.12
306.56
287.77
275.38
274.21
306.17
270.91
286.92
286.97
273.8
287.62
311.34
298.31
282.12
278.97
268.15
293.43
305.39
296.6
276.82
304.67
295.99
313.52
312.72
292.65
311.27
293.49
268.61
284.39
276.63
303.04
254.36
299.13
287.93
302.86
302.38
302.33
297.29
271.5
272.36
289.91
298.69
311.33
268.73
267.57
307.64
278.1
284.98
270.79
267.95
279.59
302.61
284.51
287.02
292.42
288.29
285.94
303.67
292.84
279.08
307.71
287.49
281.21
274.58
295.66
274.03
286.79
315.26
271.64
313.44
278.93
302.09
248.89
283.73
259.25
283.91
295.78
273.69
282.9
296.28
289.59
256.05
265.45
268.4
294.28
298.71
311.26
313.59
274.02
292.84
275.05
270.29
289.84
270.54
263.23
291.22
276.12
302.01
314.18
300.21
310.64
279.5
270.25
294.52
277.48
303.95
315.83
289.05
295.27
276.23
274.12
274.71
294.29
250.4
254.86
273.62
294.61
285.5
295.74
275.42
268.38
293.8
319.52
301.34
268.89
287.12
284.03
287.65
301.19
271.42
291.58
280.82
292.77
265.74
285.3
271.47
280.31
290.28
278.44
282.18
302.01
312.86
288.18
280.95
273.5
276.64
287.73
292.5
266.54
298.42
264.09
282.17
275.53
306.35
282.21
280.56
315.22
292.19
293.93
264.83
271.62
278.37
291.65
295.8
315.03
323.37
281.58
267.68
295.78
275.96
274.02
293.39
265.84
300.78
286.89
267.71
285.56
311.81
270.76
317.48
295.36
269.0
311.02
287.46
285.84
302.53
286.31
292.75
296.77
293.39
275.15
280.7
274.74
283.11
315.63
266.07
291.42
270.96
298.34
286.98
279.58
285.09
298.62
311.53
274.24
263.95
275.01
289.94
279.48
278.13
272.27
269.29
295.92
268.94
288.75
270.16
260.58
312.43
300.55
299.56
293.69
288.51
278.13
306.32
289.01
278.44
291.36
271.68
289.51
280.92
298.26
277.57
330.75
316.03
285.99
304.49
258.76
275.0
254.41
281.49
265.16
296.26
267.4
279.85
295.19
296.12
297.86
303.77
276.02
298.33
281.69
284.17
268.09
262.13
276.72
262.39
268.33
277.14
269.45
293.93
292.82
260.9
289.56
286.92
263.63
303.39
272.32
280.42
293.95
307.35
283.88
285.54
285.19
271.29
287.73
262.4
299.14
312.45
293.7
299.02
278.39
281.96
278.85
273.68
283.33
295.75
280.39
289.83
263.55
298.84
289.36
301.08
309.54
282.58
279.78
270.4
305.09
295.88
303.15
295.77
297.27
307.35
274.9
299.91
305.05
298.02
292.85
285.54
266.9
288.1
310.97
279.76
273.77
274.24
274.36
280.53
289.1
303.96
284.88
291.88
289.69
259.67
265.17
306.33
284.21
258.61
303.0
263.3
291.76
305.25
281.52
295.12
306.2
292.52
294.55
287.48
290.09
287.82
282.67
285.61
273.61
265.17
287.67
294.91
281.11
306.12
299.51
291.13
288.4
275.29
277.72
283.58
287.22
274.4
282.96
290.27
286.6
288.65
306.49
287.49
272.22
275.63
284.76
276.45
273.65
288.72
281.27
279.47
312.44
271.45
315.09
273.55
293.13
294.48
307.55
292.61
282.22
268.67
276.51
299.48
256.74
286.87
286.71
308.13
298.23
301.03
280.15
301.86
300.35
273.76
289.11
307.95
280.16
292.67
276.58
287.1
292.25
292.46
267.15
281.99
308.01
291.11
269.55
280.13
270.27
278.05
285.25
291.79
280.35
283.61
295.58
265.99
295.55
287.63
293.3
284.04
268.11
280.55
302.33
296.29
270.31
271.86
308.77
281.83
283.78
263.52
293.65
316.81
307.93
272.75
293.52
299.06
326.56
297.89
301.32
281.93
262.56
298.66
304.49
288.1
269.85
275.48
280.58
267.56
302.34
282.65
279.7
265.6
267.39
277.79
295.56
292.45
279.8
306.37
287.88
285.41
290.05
256.96
271.38
275.94
260.45
285.54
267.28
293.8
271.9
301.21
284.51
261.82
256.04
309.93
280.8
319.34
285.77
293.43
248.08
286.57
307.04
301.3
291.11
296.49
320.49
266.53
283.26
275.39
275.6
314.54
310.72
272.75
292.82
304.27
280.74
298.44
297.44
294.6
256.47
268.37
301.23
272.04
268.62
306.15
286.83
283.5
300.63
263.06
267.81
273.22
286.47
304.08
257.02
303.61
287.6
337.7
266.94
323.94
311.71
291.98
302.02
294.97
285.54
296.81
297.26
304.12
265.77
283.04
270.77
268.17
296.14
302.8
301.59
287.94
295.41
288.66
294.05
259.05
270.31
286.85
263.05
290.75
274.76
293.43
290.01
292.99
257.45
296.23
285.47
262.4
257.88
266.05
253.46
285.97
264.56
279.51
293.93
285.41
291.71
305.53
277.19
275.57
292.18
295.43
273.54
286.08
276.82
287.68
278.79
285.73
278.26
266.12
304.13
298.46
298.78
281.15
301.81
281.53
295.42
289.68
288.25
299.65
314.07
293.51
266.71
288.74
279.98
276.15
279.22
271.16
298.97
266.45
252.39
280.2
263.47
286.99
286.86
272.95
292.2
265.9
281.49
290.45
306.02
286.77
275.56
298.17
303.19
284.1
303.04
287.97
291.46
305.9
266.71
272.45
292.74
291.55
315.08
286.14
277.75
258.85
275.29
287.54
283.27
275.26
299.01
273.86
301.3
276.06
311.32
282.08
256.02
294.62
258.23
290.75
268.26
294.11
311.42
277.14
310.32
301.61
299.39
279.83
262.44
297.09
308.68
305.58
289.21
287.18
282.43
304.02
293.97
292.61
268.13
302.37
308.53
293.98
287.28
281.11
294.19
287.71
287.03
291.14
280.73
301.21
286.61
294.03
285.27
281.14
281.94
285.84
287.75
286.54
282.93
314.15
270.38
272.79
285.3
282.26
303.67
294.84
283.82
290.84
294.43
266.29
275.67
249.84
291.3
279.21
313.63
300.0
299.45
302.74
287.76
265.91
286.93
287.28
264.91
286.71
283.83
295.34
277.75
284.37
270.3
267.06
283.22
275.29
306.25
277.01
293.27
263.35
291.35
266.17
309.82
284.36
305.95
315.52
292.48
281.37
257.97
301.17
265.17
307.75
298.07
283.81
293.65
279.27
277.09
299.52
301.31
282.57
300.77
284.98
300.37
290.78
259.9
284.3
278.35
297.31
297.88
290.37
283.4
316.52
315.91
291.55
293.65
288.2
253.2
281.53
280.99
294.64
281.16
270.5
317.73
275.11
281.33
278.5
276.9
265.83
274.48
269.17
306.22
301.19
260.33
300.35
304.22
260.86
299.65
271.78
265.86
279.32
301.28
291.51
286.48
320.96
313.17
277.59
267.15
287.39
284.66
274.93
327.8
316.56
257.44
281.98
272.75
290.59
295.76
298.75
269.97
297.31
289.44
295.0
285.0
265.82
270.78
277.32
284.99
297.24
274.5
277.32
285.04
288.53
253.14
274.11
278.88
307.6
282.31
301.02
265.62
275.75
288.86
301.97
283.62
286.75
291.21
292.59
286.59
280.05
300.74
288.04
265.87
273.26
309.18
274.24
274.87
283.79
294.35
268.81
271.3
285.35
296.37
282.4
286.78
298.22
279.86
279.75
309.33
298.06
292.94
306.93
268.92
272.24
279.59
320.76
269.73
273.82
287.77
293.35
284.99
288.79
280.75
306.03
315.01
295.73
308.04
313.32
283.31
279.0
281.24
300.33
300.28
306.74
274.95
273.77
259.26
263.36
297.7
298.83
267.11
266.28
271.72
280.09
304.43
278.8
289.94
283.37
302.89
292.93
259.31
267.05
281.76
296.04
298.71
278.63
307.05
269.66
293.58
289.52
283.66
316.44
299.44
298.85
281.38
288.97
263.79
293.9
275.84
299.28
290.7
273.56
271.95
326.52
291.82
269.8
286.39
303.83
273.74
290.74
294.91
272.72
280.33
279.0
289.96
281.88
284.05
277.81
280.27
269.26
254.97
295.66
281.69
279.49
310.34
305.07
270.48
283.87
276.55
282.94
283.18
295.62
287.33
285.26
265.18
294.52
262.11
274.0
266.02
290.14
284.82
289.39
281.7
267.54
305.8
290.02
303.08
294.38
278.52
278.67
304.05
280.54
288.71
315.03
325.8
312.1
283.81
300.61
284.23
314.77
286.41
290.34
268.25
297.4
302.81
257.66
308.77
280.48
272.44
273.2
278.98
281.55
290.06
276.77
258.63
281.41
279.88
275.19
301.31
280.85
276.03
275.91
305.09
300.21
288.33
268.24
286.9
280.13
292.71
275.32
304.21
321.14
272.74
268.3
283.6
304.22
277.83
279.88
295.52
302.53
273.13
289.74
298.91
290.07
290.12
289.29
292.96
278.59
280.2
296.3
281.81
290.19
296.35
293.25
292.47
308.89
320.57
284.87
286.31
269.84
287.3
274.93
307.98
290.65
272.26
290.97
282.39
282.68
310.06
316.76
265.78
281.98
251.77
274.79
315.04
299.49
288.09
282.84
301.44
270.36
266.6
284.99
289.91
314.48
294.43
290.78
280.23
287.87
286.6
300.81
283.95
280.2
265.38
296.26
295.79
276.21
273.28
274.96
313.67
286.32
285.09
294.33
276.2
306.61
290.33
306.59
296.33
280.79
289.53
315.91
290.71
275.42
289.66
274.66
289.11
317.29
288.01
266.97
306.08
311.21
276.04
282.52
304.65
272.9
267.07
299.28
292.41
283.62
263.28
293.78
270.91
241.43
286.36
274.11
285.42
291.02
290.15
288.17
300.96
299.27
304.73
291.52
278.06
297.57
299.42
287.25
278.27
276.95
278.75
282.3
280.69
289.5
290.75
283.15
286.83
286.48
290.93
292.1
318.17
273.52
270.4
276.47
285.34
291.22
307.17
284.67
291.48
295.6
288.04
275.54
295.72
328.53
291.52
285.41
289.84
294.39
280.28
297.73
264.32
286.28
292.23
288.13
283.58
289.83
283.29
265.76
281.07
287.41
290.25
277.47
301.44
313.49
290.23
296.77
294.04
270.59
281.45
276.39
265.87
293.92
275.46
278.39
290.13
289.59
274.63
312.48
293.8
306.91
273.45
281.0
284.24
267.0
280.32
276.51
272.3
257.19
286.61
266.64
298.17
271.58
299.9
275.37
288.7
266.54
276.5
269.36
256.32
277.49
272.07
287.58
282.38
293.36
287.99
267.15
274.48
281.56
274.63
273.14
312.06
263.96
286.28
289.98
292.21
298.82
296.72
298.17
290.82
277.18
271.75
306.67
290.54
271.18
307.65
324.23
317.32
283.33
275.55
307.42
269.38
303.53
311.9
294.09
291.17
282.46
267.43
283.45
310.04
280.16
302.87
264.18
310.82
318.66
301.6
289.93
278.51
264.28
255.93
273.35
291.89
289.12
297.43
297.93
272.33
291.81
283.98
263.18
299.55
280.07
294.21
281.97
275.42
278.0
280.36
273.31
279.67
273.74
299.05
284.58
297.65
286.2
320.5
292.73
312.62
287.49
256.19
267.86
277.24
297.89
274.3
268.72
291.02
272.65
281.88
260.55
268.43
287.51
304.39
288.32
293.18
278.06
281.21
286.01
272.21
275.93
279.25
299.7
291.57
273.72
258.79
276.96
262.86
303.53
278.66
283.66
287.57
276.42
281.99
273.73
283.37
276.15
307.77
293.15
280.82
277.99
275.41
290.44
280.83
273.82
307.75
288.06
271.28
286.76
286.99
277.18
277.26
286.68
292.2
300.89
283.36
259.98
294.44
288.25
274.7
266.86
305.44
263.36
292.53
297.81
284.63
287.13
295.54
297.53
284.64
295.87
303.09
316.71
284.01
293.97
274.03
297.11
284.22
287.39
291.38
301.28
277.61
294.87
257.13
271.68
313.28
279.67
305.81
271.56
289.34
285.83
287.96
286.56
291.91
320.11
293.8
273.19
318.49
302.73
309.03
273.22
280.35
287.59
313.7
299.34
291.41
268.87
282.1
291.64
287.6
283.18
290.59
301.09
262.77
290.18
262.77
297.82
267.96
307.92
292.14
284.55
298.57
277.32
285.86
287.55
294.36
271.58
259.1
297.0
286.23
268.59
281.95
276.2
290.66
294.25
303.56
276.05
288.35
276.23
288.69
291.61
302.58
278.78
269.47
287.86
281.24
282.05
273.14
276.97
307.88
303.54
295.52
278.82
310.94
302.54
273.26
272.43
274.47
272.95
284.28
280.24
293.88
269.61
293.61
273.79
291.05
319.18
280.91
283.22
306.05
290.24
285.72
301.23
279.64
286.76
308.34
304.78
308.03
265.05
291.15
295.1
295.53
275.3
287.5
264.36
278.45
265.09
263.54
272.12
288.04
264.06
268.83
295.77
285.26
284.99
257.32
313.76
314.18
294.81
296.75
294.29
280.09
277.5
281.08
272.43
290.95
275.52
277.52
254.56
263.92
264.46
288.58
289.22
284.93
302.58
272.14
290.91
276.35
303.33
282.14
307.51
274.63
285.0
284.89
285.77
295.99
265.55
304.22
280.68
268.28
275.28
276.68
311.97
290.08
297.84
304.58
324.66
294.49
293.87
280.9
272.64
267.44
290.01
301.83
289.56
299.26
304.1
307.01
299.81
272.97
286.51
324.2
327.96
286.46
290.37
282.84
285.9
275.79
283.54
284.38
272.53
294.63
295.88
287.52
298.26
271.03
286.76
275.27
266.05
276.84
313.67
292.59
278.62
277.05
294.12
308.63
294.12
317.68
268.82
289.54
289.29
275.71
267.81
303.21
309.76
259.21
287.61
273.65
296.33
278.73
284.04
294.19
272.39
284.63
261.66
285.41
260.71
290.03
281.97
285.26
293.23
277.61
277.17
277.43
284.38
292.86
271.85
271.89
272.11
265.3
258.77
296.8
307.54
290.99
270.76
277.61
321.17
312.56
284.86
260.48
278.54
293.3
312.62
288.35
308.53
303.91
269.3
265.22
298.2
277.67
284.81
299.46
263.97
289.08
300.27
295.71
287.98
283.89
277.53
318.33
280.63
288.56
283.89
307.32
282.71
272.75
304.11
280.91
291.86
279.74
288.5
287.6
297.03
286.1
293.31
298.31
269.21
312.16
273.29
284.78
250.93
272.98
290.79
279.27
268.7
284.8
295.45
266.56
280.6
276.42
288.25
277.33
309.16
279.21
263.31
286.57
271.03
298.71
256.25
295.58
295.73
266.64
245.35
279.23
312.4
276.11
314.52
295.41
279.74
296.87
275.6
262.58
298.11
283.85
303.84
306.33
295.4
283.0
285.14
283.64
285.29
279.4
243.74
275.73
286.27
305.28
290.41
281.9
279.54
298.51
285.9
276.08
268.11
283.07
290.09
294.24
294.14
293.06
306.84
293.5
279.03
269.33
272.66
302.59
325.75
297.07
285.34
305.8
299.93
286.2
282.75
298.96
315.52
271.27
291.13
264.01
285.34
285.9
283.74
290.79
257.39
273.6
277.18
270.39
274.29
310.57
314.36
297.76
278.29
301.49
279.26
289.1
299.1
278.86
286.38
313.91
296.65
265.71
289.64
283.65
286.77
272.78
260.47
311.06
293.65
279.1
299.42
328.01
297.64
277.83
308.16
261.9
236.26
278.76
278.76
275.37
281.79
288.45
298.4
299.21
267.37
282.03
306.62
279.26
291.48
308.6
270.44
280.02
259.62
281.7
303.05
299.22
282.29
279.05
306.28
308.14
284.65
267.11
293.76
292.11
284.99
298.79
267.92
279.78
276.01
297.98
287.55
297.35
282.52
278.69
292.65
277.57
269.22
263.8
273.84
292.6
281.15
285.53
279.04
268.86
276.41
284.0
269.4
273.34
283.06
278.29
293.45
300.13
264.27
297.62
278.27
271.18
263.96
279.32
277.14
286.96
285.56
276.28
292.94
300.71
268.71
282.22
268.88
298.58
276.84
279.17
295.13
272.11
319.61
287.68
278.15
290.49
284.44
285.07
259.33
292.69
304.83
265.71
267.97
270.67
286.84
281.36
275.44
287.78
290.52
293.0
280.54
289.5
284.65
297.24
309.54
306.28
278.8
270.34
318.97
290.35
278.46
281.35
296.46
292.67
299.12
314.15
264.47
282.63
288.68
274.02
285.44
294.74
266.47
285.86
299.07
281.76
296.56
275.52
277.56
280.72
269.96
295.05
297.35
281.47
279.56
301.27
279.54
278.3
293.38
283.2
334.71
281.85
293.2
274.72
293.97
281.77
272.92
292.61
313.84
286.58
291.01
296.88
286.26
307.52
275.92
305.78
268.27
292.72
265.67
275.26
286.21
250.26
296.43
272.89
287.83
318.59
285.28
308.06
292.33
287.55
263.86
295.9
318.23
292.57
276.55
286.4
312.56
290.74
277.23
287.0
268.86
292.8
290.73
292.73
291.26
296.3
303.47
280.86
242.35
267.76
273.37
258.29
242.09
277.23
283.3
268.62
274.91
322.41
302.72
273.59
266.95
308.96
283.2
299.46
271.66
271.3
291.56
252.19
281.81
293.72
286.05
281.54
260.38
300.24
276.51
280.94
273.31
255.82
269.51
280.4
292.97
275.07
276.76
303.38
268.06
249.51
306.72
292.54
267.56
281.99
282.91
288.08
277.05
303.04
287.15
267.83
276.03
329.19
280.6
291.45
272.88
264.97
290.83
306.69
294.66
279.91
303.91
285.43
277.1
292.66
284.25
308.52
296.39
289.25
263.58
277.98
260.33
271.65
305.23
254.4
259.13
280.78
272.55
298.71
284.27
288.98
273.57
279.98
277.88
289.1
279.52
293.25
288.24
326.89
287.91
271.36
281.3
290.44
279.53
287.17
294.12
287.93
281.62
287.19
270.1
312.04
283.18
260.86
279.55
272.85
279.63
299.08
294.86
261.77
292.3
302.22
281.24
291.92
288.84
270.8
258.71
324.29
291.92
277.21
297.3
286.94
257.71
266.78
287.11
313.13
293.37
296.36
276.46
317.18
312.07
311.57
272.5
280.97
251.58
263.73
283.45
300.76
313.41
252.9
282.7
283.91
302.1
302.04
277.34
304.25
296.64
294.61
276.97
296.29
265.81
278.99
279.96
277.19
270.63
277.73
273.47
312.34
279.95
284.76
294.34
292.57
306.25
288.7
277.34
313.22
318.3
280.06
306.95
274.74
255.76
259.54
281.49
277.01
272.53
271.29
287.07
291.51
276.97
319.07
275.42
290.21
294.08
301.63
272.93
265.29
261.52
288.56
273.91
304.37
272.39
303.85
277.95
299.06
305.74
283.68
277.64
280.73
263.25
291.55
279.49
275.57
295.42
263.14
280.24
269.76
307.17
280.85
293.33
308.3
270.12
289.12
271.8
302.55
259.08
277.22
282.0
313.87
267.22
283.04
276.81
297.55
279.55
282.68
288.97
283.22
290.66
293.2
302.52
278.52
295.17
289.93
284.21
296.13
276.51
286.28
283.65
290.57
276.67
259.86
298.55
272.1
281.23
276.75
297.67
253.28
295.26
300.71
316.3
333.09
285.14
307.39
278.89
296.29
283.83
291.64
288.13
289.71
264.1
305.02
294.16
275.72
291.83
296.56
300.29
291.78
264.23
298.98
290.6
282.98
275.87
299.11
283.36
286.56
280.85
285.09
289.59
288.84
278.11
314.46
296.72
304.54
309.71
319.34
299.94
290.9
310.19
262.77
277.15
274.11
293.33
270.62
274.3
289.83
247.92
282.48
285.08
288.51
274.57
289.41
276.59
263.85
295.01
306.09
284.95
295.92
295.31
271.83
295.61
276.13
287.99
308.67
273.1
307.51
269.01
292.18
297.64
284.83
283.99
284.49
322.01
301.52
271.04
305.38
304.63
305.82
282.69
281.81
289.7
301.83
265.54
273.31
279.1
269.53
282.34
274.0
287.31
333.74
278.07
291.72
272.24
250.94
292.51
276.84
285.68
281.3
286.55
273.12
278.41
291.35
288.38
264.97
272.3
297.69
272.1
283.17
282.34
262.71
288.35
285.42
305.49
271.75
324.03
291.11
286.97
305.57
284.51
279.84
293.4
282.58
272.76
293.3
286.2
283.38
278.52
279.67
301.47
280.7
268.57
287.56
282.47
291.23
285.54
286.0
297.96
278.4
310.2
288.48
291.44
284.97
295.9
289.52
299.43
291.83
313.76
265.39
279.02
278.29
286.28
271.37
277.23
275.5
285.72
265.11
288.74
294.47
294.76
290.83
306.67
285.2
289.53
265.43
281.91
292.73
300.75
286.82
304.3
277.94
286.2
306.44
294.35
294.03
296.86
311.37
276.62
338.4
287.21
302.16
292.29
287.21
278.37
293.0
303.14
299.46
278.99
302.79
290.95
287.06
297.56
287.96
270.04
253.48
277.74
282.82
276.28
303.18
284.68
290.9
291.0
262.54
283.15
251.12
296.16
290.99
282.32
278.13
283.97
287.88
282.38
259.76
256.35
280.8
276.18
282.48
279.12
271.41
297.56
290.02
291.1
285.55
256.91
271.22
277.39
294.24
283.43
285.31
289.05
277.34
329.54
277.18
275.63
296.25
312.42
315.64
278.22
286.93
281.52
282.79
299.19
286.71
299.52
295.24
322.99
253.9
291.09
319.47
292.92
276.74
274.38
281.8
275.82
286.98
294.61
304.69
279.64
304.14
279.3
259.07
265.31
298.77
272.52
295.71
312.4
279.97
295.48
297.67
287.02
274.94
262.78
289.65
290.36
270.24
274.75
279.15
288.84
299.34
300.71
280.22
285.09
278.06
282.32
272.68
275.6
267.69
288.01
283.05
306.71
276.26
278.26
276.83
274.78
283.47
280.47
283.45
284.4
280.51
266.99
264.67
280.89
286.48
279.21
289.67
271.58
283.7
301.42
277.6
297.85
259.92
295.36
312.52
305.23
259.65
292.8
260.8
283.24
286.14
282.43
292.46
270.11
281.34
287.24
284.42
275.82
307.44
280.64
287.57
300.76
299.81
285.53
285.39
301.11
284.35
304.42
272.35
255.09
262.54
295.66
292.68
303.11
276.89
273.48
270.2
294.01
284.32
292.36
270.53
306.31
291.68
272.62
307.35
280.95
297.4
247.18
323.0
334.95
275.08
268.27
303.45
263.02
302.5
299.3
298.59
292.26
257.11
289.11
293.68
278.61
291.03
299.97
282.52
285.06
302.0
261.05
294.68
272.81
286.21
271.87
295.86
283.26
268.12
266.03
264.25
288.28
306.22
304.18
283.47
288.63
311.29
286.97
268.53
304.57
282.81
279.62
285.35
280.94
259.91
310.01
297.6
280.55
276.62
302.41
294.54
291.4
278.69
298.26
284.75
285.76
279.3
292.11
290.93
261.04
318.37
295.6
282.37
289.29
304.82
278.51
312.06
302.91
291.75
262.84
296.59
265.56
262.15
281.06
272.36
295.1
305.53
273.84
300.73
297.68
303.81
284.86
268.58
287.58
294.39
297.72
284.21
283.41
285.21
284.25
294.1
282.32
249.9
306.76
276.2
279.58
272.27
305.58
294.42
288.9
269.08
262.73
261.47
285.65
281.3
260.38
292.23
269.92
298.09
304.59
300.82
284.09
281.02
279.3
264.25
305.11
275.48
275.79
255.18
254.25
290.41
293.19
306.47
268.54
284.56
305.48
295.36
263.68
321.33
306.32
273.09
286.02
281.32
294.01
277.86
299.47
286.18
279.17
302.05
272.11
317.94
293.74
277.16
274.7
283.75
303.76
266.54
291.97
304.64
287.15
296.67
282.27
268.04
280.41
266.75
274.51
284.45
286.71
298.25
292.79
284.54
260.88
286.42
261.3
277.67
258.67
296.91
279.08
284.23
295.14
288.59
315.52
297.76
308.82
284.15
260.4
285.34
286.57
288.35
286.44
286.51
260.43
273.23
285.23
280.96
300.55
295.45
298.93
289.61
266.02
307.5
305.7
291.59
300.56
280.05
289.63
265.45
317.63
281.58
283.62
286.17
255.68
309.84
307.24
295.57
297.23
297.19
290.92
300.18
300.72
269.75
283.44
295.64
302.92
286.11
289.69
275.56
308.07
311.18
306.39
292.02
277.52
292.16
267.33
274.42
284.8
285.38
293.79
257.68
286.35
248.05
295.43
305.63
284.68
290.83
301.36
271.04
268.18
279.46
292.57
284.71
287.84
315.27
275.24
267.35
308.1
271.39
294.15
288.85
285.85
295.24
318.64
297.97
291.35
279.23
279.43
273.66
274.69
274.57
311.89
278.18
261.62
288.14
284.5
291.74
289.58
276.18
283.87
278.43
294.6
285.58
282.35
255.63
270.4
291.52
286.31
289.69
304.02
298.94
283.9
305.02
256.19
274.32
271.62
280.54
263.28
300.12
303.78
305.71
264.75
304.09
303.2
310.18
279.73
303.35
298.39
294.04
290.74
291.87
285.57
304.17
294.89
272.36
280.15
288.57
292.19
298.8
274.24
284.12
281.81
256.51
281.87
293.51
311.0
296.99
317.96
280.5
295.19
279.48
284.66
273.77
266.67
264.41
255.95
303.66
279.1
294.56
284.28
288.12
266.18
289.15
290.39
251.41
273.69
294.19
281.36
304.0
265.27
274.59
289.05
283.24
256.49
289.48
286.32
303.69
296.92
266.72
253.46
304.57
282.49
284.79
282.48
300.9
277.79
293.39
286.38
238.92
271.04
297.56
295.47
256.05
278.63
327.69
290.76
282.79
287.63
275.72
270.81
258.26
259.46
286.49
317.84
297.1
294.22
291.39
276.41
277.29
272.29
267.69
273.28
283.69
286.64
273.74
253.11
295.7
285.27
292.2
325.5
277.02
305.83
309.91
290.42
289.72
287.13
289.0
288.78
283.15
295.12
272.62
285.67
290.51
290.48
274.43
296.07
277.73
297.59
291.59
320.03
285.44
274.48
279.43
267.33
289.41
284.31
292.67
270.03
275.65
277.72
284.33
285.03
259.16
293.89
310.24
295.62
242.93
272.46
308.6
272.97
280.02
270.66
269.63
294.0
289.54
278.98
275.41
284.66
270.42
290.75
279.99
273.39
265.97
272.28
275.39
309.4
275.93
281.08
278.35
277.19
308.19
320.94
280.68
281.99
279.74
291.38
284.1
280.1
286.61
272.86
257.83
270.05
292.68
272.68
309.47
278.21
315.8
282.26
272.36
298.73
270.09
302.54
319.57
301.03
276.96
278.89
267.1
274.97
276.52
279.53
302.77
275.97
299.75
318.0
271.22
294.89
297.52
243.95
273.98
267.47
266.07
280.75
270.68
276.47
293.84
288.75
277.22
298.6
303.57
293.64
290.33
285.45
278.2
275.65
302.41
292.97
304.77
283.92
283.77
279.99
284.03
269.38
262.99
275.39
287.32
292.57
281.21
278.86
281.51
280.14
286.49
281.47
277.56
302.86
270.72
269.02
298.98
304.59
271.82
305.83
278.85
298.38
283.42
303.41
299.34
274.79
245.88
292.91
300.49
275.52
280.45
277.53
273.87
284.2
278.62
274.98
266.19
292.79
272.76
280.08
292.88
280.85
272.2
249.59
291.92
285.1
268.05
293.91
276.19
309.79
300.85
262.92
286.31
253.26
284.11
269.91
301.28
276.88
294.83
298.73
289.18
292.33
298.86
294.07
276.12
273.32
295.56
282.99
291.93
287.11
282.55
274.44
293.26
296.11
301.52
296.36
312.53
288.14
261.95
279.68
272.76
277.9
281.79
288.05
289.38
277.86
271.46
264.17
294.97
291.32
277.46
286.35
274.66
307.35
280.68
266.85
281.45
282.01
291.8
273.77
285.14
275.45
266.32
272.87
289.48
285.43
281.33
303.05
294.27
287.48
316.81
277.8
285.09
284.29
303.1
286.99
288.77
255.77
288.02
292.17
307.01
286.43
295.03
269.58
292.54
277.58
282.36
265.68
297.17
263.27
252.85
275.14
293.17
260.91
295.22
296.03
289.13
262.47
291.76
289.12
280.24
287.94
290.4
286.27
287.16
262.43
277.33
295.15
293.34
299.49
277.9
285.61
280.45
256.13
278.5
306.21
286.0
270.27
266.98
281.1
290.26
250.97
316.16
285.27
299.84
269.11
290.75
272.57
291.56
279.66
282.62
290.06
269.11
314.87
290.3
266.0
277.57
280.23
253.61
284.24
299.14
281.99
278.86
285.25
251.51
265.1
301.94
303.96
287.35
296.15
259.54
275.61
288.17
262.67
297.78
270.08
270.52
288.52
274.08
303.44
272.01
304.06
313.3
280.88
290.28
296.92
269.82
275.37
253.84
292.32
272.79
289.69
262.21
263.5
284.89
284.52
300.23
284.46
286.61
264.48
266.8
291.99
325.03
271.88
280.0
285.33
278.86
261.32
313.52
285.5
293.12
284.33
275.59
287.99
293.31
285.72
264.29
283.32
261.42
259.62
267.16
327.86
288.78
292.28
313.94
278.37
323.11
304.42
295.58
283.27
296.0
281.14
254.91
284.43
295.23
313.94
285.5
300.9
296.5
286.99
284.64
283.09
265.99
282.06
286.5
265.1
246.89
300.05
287.82
305.65
276.79
286.36
286.94
266.91
278.54
282.34
273.14
288.5
285.4
289.46
270.51
290.19
285.8
288.37
287.25
295.01
272.89
295.18
256.55
283.78
300.57
328.46
291.9
274.0
292.62
313.75
320.45
287.76
302.19
290.23
286.5
290.17
295.32
274.81
263.11
305.43
270.8
285.23
308.03
286.33
280.45
260.27
282.07
301.37
277.3
273.26
290.88
275.79
314.36
279.15
295.73
280.5
282.53
295.36
284.11
296.01
255.89
296.32
290.93
258.54
292.21
283.86
269.1
282.58
296.34
299.31
286.52
286.47
274.61
295.94
300.68
300.71
275.17
289.34
275.85
325.02
276.6
286.12
279.32
272.41
279.15
323.11
275.71
276.96
275.92
269.98
291.02
273.43
290.68
291.74
255.4
332.16
283.77
266.95
262.73
311.09
281.31
273.44
299.57
295.41
267.32
296.9
285.87
275.27
273.32
279.22
301.28
280.93
287.43
272.91
309.08
302.74
317.63
259.43
281.4
281.96
283.28
275.79
284.51
282.32
304.43
282.24
263.15
265.74
292.24
274.66
285.7
279.98
297.81
264.88
272.65
294.12
286.61
285.48
263.87
273.34
302.72
296.32
278.87
268.99
255.24
264.44
292.34
298.95
293.17
276.71
277.07
291.23
261.19
298.52
291.7
267.18
302.35
277.53
309.5
303.13
294.2
283.7
301.88
259.17
289.46
297.88
293.53
280.5
318.57
271.34
286.99
269.3
332.89
307.66
301.3
316.13
284.14
308.88
308.95
298.38
282.38
290.69
277.28
284.73
289.21
293.35
301.26
284.33
312.44
274.78
285.82
283.07
280.6
269.61
285.94
289.55
281.86
274.14
286.45
277.35
270.68
290.82
288.74
272.8
276.51
295.19
300.49
295.35
298.02
304.32
275.25
265.52
279.33
315.27
284.89
289.87
296.07
281.2
274.16
295.14
304.01
286.03
294.89
295.44
267.96
286.81
284.79
276.76
291.76
287.0
280.45
276.32
253.89
281.35
282.99
265.11
270.73
271.12
281.38
278.65
273.63
277.17
272.23
263.77
271.41
274.74
269.03
300.76
291.7
307.57
291.13
314.83
313.09
264.2
278.42
288.05
313.52
253.17
268.79
273.47
281.45
276.88
304.56
276.62
281.94
296.66
303.52
302.94
306.59
299.55
277.49
281.32
317.91
301.28
262.25
284.41
292.75
257.56
269.11
270.11
280.86
274.48
264.52
282.98
284.85
277.38
261.87
290.04
285.46
287.46
293.8
277.28
275.49
285.37
249.34
281.04
292.31
296.09
269.61
281.5
298.02
251.25
286.53
284.82
295.69
300.85
296.15
270.15
284.82
266.9
291.63
282.73
321.82
294.63
273.16
261.73
278.24
290.14
286.99
301.16
277.22
288.18
278.92
304.0
276.81
285.78
286.15
293.96
259.68
274.99
274.15
281.24
293.37
284.19
289.28
298.93
281.89
282.9
264.11
270.72
283.84
282.81
272.74
283.49
292.67
305.17
298.88
299.2
293.51
286.05
284.41
288.59
281.44
273.01
273.09
279.68
303.77
293.46
289.93
272.68
263.76
287.47
284.59
286.47
293.65
287.93
286.92
294.91
265.16
289.95
256.96
271.95
257.94
278.99
267.77
285.99
275.96
285.57
264.25
311.52
293.17
304.69
286.05
260.54
286.76
264.48
306.44
278.63
279.78
301.72
288.78
273.46
278.55
282.3
286.64
290.21
275.01
278.72
302.49
273.13
279.57
264.61
291.16
278.45
275.95
282.39
288.17
280.21
294.03
279.96
277.96
265.12
278.49
274.45
312.14
276.9
283.91
278.94
278.82
303.02
298.0
270.99
271.93
299.12
270.96
279.35
288.16
254.44
308.65
297.86
288.57
289.0
275.92
298.91
272.77
291.26
287.02
283.57
285.79
290.48
267.49
311.13
282.27
278.52
299.37
283.76
282.29
299.03
287.52
287.77
262.71
282.09
284.57
296.05
295.44
298.88
271.45
297.39
263.73
285.31
292.51
283.15
277.27
287.58
300.31
279.29
291.49
274.83
278.55
276.39
272.02
289.67
278.11
264.35
299.38
281.47
273.83
289.49
304.11
288.42
275.3
292.8
295.27
285.75
297.47
282.66
276.92
269.27
290.1
308.22
271.24
261.22
288.29
255.23
265.11
250.38
284.72
281.31
296.19
278.49
291.78
278.59
287.04
310.84
289.06
302.5
292.19
271.62
282.63
278.78
270.83
294.33
284.91
295.58
292.53
294.96
268.26
310.49
287.86
274.89
287.78
277.71
294.99
278.68
296.99
272.05
265.87
260.33
265.04
306.22
289.8
295.79
281.83
272.83
284.98
285.32
283.97
267.22
269.99
283.54
270.93
267.7
285.31
260.65
290.0
258.86
272.57
280.88
295.68
278.63
272.57
267.7
307.83
280.81
283.28
307.47
300.9
287.56
269.99
257.65
288.48
309.58
279.52
281.45
287.27
294.74
293.59
288.07
304.9
282.98
289.76
292.86
313.83
273.09
318.25
297.04
319.69
258.63
297.37
286.8
290.43
256.4
294.09
286.26
264.44
279.33
307.63
298.14
285.1
282.64
276.93
272.73
285.92
289.78
310.06
307.32
281.21
270.47
270.41
280.76
276.99
294.38
304.0
273.04
295.82
302.96
300.01
250.0
278.14
269.86
284.71
273.62
286.61
286.38
301.12
286.08
267.31
260.75
282.02
273.77
298.62
261.57
324.06
276.02
268.52
279.93
271.82
280.71
289.22
289.99
272.72
333.79
274.85
281.21
