542.0
1320.0
380.0
375.0
366.0
367.0
0.0
581.0
669.0
558.0
354.0
322.0
602.0
410.0
642.0
0.0
403.0
553.0
313.0
340.0
323.0
320.0
342.0
672.0
631.0
512.0
0.0
437.0
389.0
306.0
544.0
351.0
702.0
378.0
681.0
404.0
526.0
575.0
625.0
0.0
0.0
0.0
0.0
0.0
494.0
969.0
987.0
968.0
991.0
957.0
604.0
1014.0
984.0
924.0
957.0
595.0
928.0
609.0
607.0
609.0
606.0
603.0
928.0
601.0
599.0
606.0
619.0
611.0
610.0
590.0
601.0
608.0
983.0
598.0
611.0
608.0
610.0
971.0
603.0
607.0
626.0
641.0
605.0
602.0
608.0
615.0
580.0
587.0
968.0
601.0
616.0
607.0
614.0
605.0
591.0
610.0
619.0
939.0
600.0
601.0
608.0
612.0
601.0
612.0
619.0
600.0
615.0
606.0
607.0
601.0
618.0
609.0
601.0
607.0
599.0
592.0
606.0
911.0
605.0
883.0
601.0
613.0
612.0
999.0
612.0
611.0
614.0
618.0
606.0
594.0
613.0
620.0
604.0
606.0
609.0
617.0
611.0
610.0
622.0
622.0
602.0
596.0
597.0
960.0
602.0
603.0
609.0
612.0
620.0
621.0
608.0
605.0
617.0
621.0
614.0
615.0
611.0
629.0
926.0
615.0
610.0
612.0
597.0
592.0
603.0
611.0
610.0
611.0
945.0
597.0
603.0
604.0
609.0
611.0
623.0
604.0
618.0
604.0
597.0
620.0
598.0
565.0
613.0
621.0
602.0
605.0
605.0
562.0
613.0
609.0
603.0
625.0
606.0
606.0
612.0
601.0
601.0
578.0
614.0
615.0
620.0
608.0
614.0
629.0
620.0
618.0
610.0
611.0
621.0
607.0
608.0
604.0
603.0
623.0
594.0
621.0
604.0
626.0
943.0
603.0
607.0
605.0
592.0
613.0
640.0
607.0
608.0
611.0
612.0
627.0
617.0
603.0
611.0
608.0
622.0
591.0
619.0
601.0
594.0
602.0
608.0
604.0
612.0
616.0
600.0
615.0
621.0
618.0
613.0
614.0
622.0
596.0
614.0
610.0
599.0
621.0
617.0
607.0
607.0
604.0
607.0
605.0
626.0
622.0
611.0
612.0
600.0
613.0
617.0
612.0
604.0
610.0
606.0
606.0
596.0
627.0
609.0
614.0
609.0
606.0
602.0
598.0
608.0
614.0
612.0
599.0
612.0
612.0
613.0
607.0
603.0
606.0
608.0
613.0
615.0
601.0
620.0
609.0
605.0
619.0
605.0
606.0
599.0
613.0
602.0
620.0
612.0
628.0
576.0
608.0
612.0
606.0
619.0
621.0
607.0
616.0
612.0
610.0
615.0
604.0
604.0
596.0
613.0
614.0
624.0
608.0
607.0
613.0
633.0
605.0
592.0
598.0
607.0
611.0
619.0
933.0
620.0
614.0
616.0
605.0
610.0
618.0
604.0
579.0
606.0
607.0
601.0
595.0
597.0
625.0
610.0
601.0
608.0
605.0
616.0
613.0
615.0
603.0
590.0
608.0
614.0
602.0
609.0
568.0
610.0
599.0
613.0
622.0
620.0
614.0
616.0
599.0
618.0
607.0
586.0
609.0
614.0
604.0
609.0
617.0
610.0
610.0
608.0
626.0
620.0
608.0
608.0
715.0
614.0
633.0
610.0
600.0
620.0
621.0
597.0
605.0
625.0
572.0
610.0
627.0
620.0
602.0
614.0
608.0
615.0
608.0
614.0
617.0
632.0
613.0
594.0
573.0
622.0
605.0
608.0
603.0
609.0
617.0
585.0
573.0
600.0
594.0
612.0
625.0
611.0
613.0
609.0
603.0
604.0
577.0
608.0
608.0
599.0
610.0
584.0
605.0
614.0
604.0
624.0
610.0
579.0
614.0
618.0
599.0
604.0
610.0
606.0
611.0
607.0
623.0
597.0
609.0
603.0
618.0
617.0
609.0
609.0
611.0
587.0
614.0
618.0
610.0
613.0
587.0
605.0
599.0
609.0
602.0
599.0
615.0
620.0
616.0
631.0
604.0
610.0
614.0
603.0
600.0
599.0
627.0
604.0
606.0
619.0
613.0
618.0
602.0
603.0
613.0
611.0
603.0
609.0
598.0
605.0
593.0
601.0
583.0
616.0
603.0
606.0
600.0
611.0
602.0
596.0
612.0
595.0
607.0
604.0
603.0
603.0
606.0
570.0
610.0
598.0
606.0
626.0
614.0
616.0
612.0
611.0
623.0
583.0
601.0
607.0
603.0
601.0
607.0
641.0
608.0
612.0
605.0
608.0
627.0
602.0
613.0
601.0
613.0
590.0
604.0
610.0
606.0
632.0
600.0
624.0
604.0
627.0
610.0
609.0
613.0
632.0
618.0
610.0
605.0
607.0
613.0
599.0
603.0
597.0
607.0
591.0
607.0
634.0
623.0
615.0
612.0
586.0
618.0
610.0
609.0
610.0
618.0
608.0
623.0
605.0
619.0
621.0
611.0
595.0
581.0
578.0
606.0
611.0
611.0
606.0
617.0
604.0
609.0
604.0
605.0
622.0
602.0
607.0
596.0
596.0
611.0
611.0
569.0
593.0
611.0
623.0
611.0
607.0
614.0
611.0
788.0
604.0
632.0
602.0
609.0
621.0
597.0
613.0
610.0
626.0
612.0
614.0
603.0
603.0
588.0
611.0
606.0
608.0
603.0
629.0
577.0
612.0
601.0
618.0
605.0
616.0
647.0
620.0
613.0
612.0
596.0
606.0
605.0
613.0
612.0
601.0
627.0
641.0
598.0
575.0
611.0
620.0
631.0
583.0
614.0
596.0
606.0
622.0
627.0
637.0
611.0
612.0
596.0
608.0
602.0
611.0
610.0
606.0
621.0
609.0
604.0
606.0
600.0
622.0
619.0
617.0
613.0
606.0
602.0
603.0
599.0
625.0
601.0
624.0
607.0
610.0
589.0
597.0
607.0
615.0
588.0
561.0
604.0
609.0
612.0
616.0
611.0
607.0
605.0
593.0
615.0
603.0
614.0
612.0
593.0
627.0
595.0
608.0
605.0
606.0
612.0
630.0
793.0
628.0
609.0
608.0
604.0
613.0
609.0
610.0
612.0
608.0
607.0
613.0
603.0
608.0
613.0
606.0
609.0
609.0
608.0
616.0
612.0
610.0
641.0
604.0
622.0
605.0
611.0
598.0
602.0
613.0
625.0
600.0
598.0
606.0
594.0
608.0
600.0
606.0
610.0
609.0
615.0
603.0
620.0
608.0
581.0
614.0
594.0
606.0
614.0
607.0
612.0
620.0
609.0
634.0
609.0
609.0
600.0
610.0
603.0
613.0
609.0
627.0
618.0
606.0
602.0
607.0
612.0
615.0
611.0
614.0
599.0
570.0
623.0
611.0
599.0
602.0
605.0
604.0
609.0
614.0
611.0
604.0
605.0
615.0
599.0
601.0
628.0
593.0
604.0
597.0
576.0
604.0
582.0
614.0
608.0
624.0
600.0
606.0
597.0
610.0
612.0
608.0
594.0
603.0
610.0
605.0
626.0
555.0
596.0
610.0
613.0
639.0
621.0
603.0
609.0
622.0
599.0
620.0
610.0
615.0
617.0
607.0
611.0
604.0
609.0
601.0
602.0
608.0
607.0
605.0
591.0
622.0
612.0
611.0
610.0
602.0
601.0
609.0
608.0
602.0
605.0
603.0
614.0
606.0
607.0
588.0
608.0
624.0
613.0
643.0
600.0
611.0
603.0
590.0
607.0
641.0
606.0
586.0
597.0
613.0
608.0
611.0
608.0
591.0
610.0
629.0
613.0
609.0
614.0
614.0
608.0
608.0
611.0
621.0
624.0
609.0
589.0
612.0
993.0
603.0
600.0
617.0
634.0
609.0
599.0
626.0
611.0
616.0
613.0
607.0
617.0
608.0
602.0
594.0
607.0
626.0
624.0
614.0
607.0
625.0
607.0
605.0
564.0
607.0
600.0
595.0
612.0
625.0
590.0
624.0
598.0
610.0
614.0
608.0
606.0
606.0
616.0
611.0
621.0
617.0
617.0
618.0
595.0
609.0
577.0
604.0
610.0
597.0
600.0
612.0
603.0
602.0
604.0
605.0
599.0
617.0
616.0
615.0
603.0
597.0
605.0
598.0
605.0
633.0
602.0
614.0
610.0
629.0
616.0
605.0
617.0
602.0
604.0
619.0
588.0
603.0
623.0
615.0
605.0
609.0
602.0
619.0
614.0
602.0
605.0
608.0
614.0
608.0
568.0
609.0
627.0
616.0
594.0
621.0
609.0
616.0
609.0
614.0
580.0
601.0
604.0
616.0
606.0
617.0
600.0
601.0
608.0
604.0
612.0
586.0
615.0
615.0
607.0
612.0
631.0
606.0
597.0
589.0
609.0
619.0
604.0
605.0
608.0
611.0
603.0
637.0
592.0
605.0
626.0
613.0
609.0
610.0
593.0
607.0
608.0
619.0
599.0
611.0
622.0
578.0
601.0
618.0
604.0
616.0
568.0
614.0
602.0
615.0
604.0
622.0
604.0
635.0
596.0
598.0
615.0
602.0
615.0
632.0
617.0
616.0
608.0
615.0
602.0
602.0
614.0
601.0
607.0
605.0
602.0
583.0
595.0
606.0
613.0
616.0
619.0
607.0
613.0
623.0
612.0
616.0
615.0
633.0
606.0
601.0
604.0
587.0
607.0
618.0
611.0
624.0
611.0
598.0
607.0
609.0
621.0
613.0
609.0
598.0
592.0
613.0
620.0
605.0
616.0
619.0
612.0
606.0
602.0
569.0
604.0
607.0
614.0
605.0
597.0
605.0
598.0
608.0
612.0
619.0
604.0
595.0
605.0
603.0
597.0
623.0
616.0
610.0
615.0
610.0
597.0
614.0
612.0
595.0
609.0
622.0
605.0
606.0
607.0
611.0
620.0
610.0
609.0
602.0
568.0
611.0
608.0
609.0
608.0
584.0
608.0
611.0
612.0
832.0
609.0
615.0
605.0
624.0
613.0
599.0
612.0
593.0
607.0
610.0
619.0
605.0
598.0
605.0
614.0
611.0
596.0
601.0
582.0
608.0
611.0
627.0
610.0
621.0
607.0
629.0
609.0
615.0
616.0
601.0
614.0
594.0
591.0
607.0
607.0
605.0
603.0
624.0
614.0
605.0
632.0
616.0
593.0
608.0
624.0
599.0
602.0
608.0
602.0
565.0
603.0
596.0
631.0
606.0
600.0
619.0
610.0
595.0
626.0
620.0
601.0
604.0
609.0
563.0
602.0
613.0
611.0
603.0
602.0
588.0
621.0
611.0
617.0
618.0
624.0
602.0
607.0
602.0
601.0
620.0
611.0
622.0
627.0
606.0
607.0
615.0
608.0
607.0
606.0
613.0
599.0
598.0
634.0
600.0
608.0
596.0
612.0
600.0
598.0
608.0
588.0
608.0
593.0
626.0
625.0
608.0
625.0
601.0
612.0
596.0
614.0
589.0
605.0
610.0
610.0
633.0
617.0
596.0
585.0
620.0
596.0
603.0
597.0
617.0
610.0
607.0
613.0
631.0
604.0
608.0
601.0
631.0
596.0
610.0
603.0
617.0
606.0
604.0
639.0
602.0
608.0
603.0
621.0
616.0
618.0
604.0
615.0
612.0
624.0
604.0
618.0
618.0
624.0
614.0
597.0
595.0
613.0
599.0
608.0
588.0
610.0
626.0
587.0
623.0
609.0
610.0
609.0
617.0
604.0
607.0
614.0
603.0
602.0
609.0
601.0
619.0
603.0
598.0
619.0
617.0
614.0
547.0
586.0
605.0
608.0
604.0
609.0
603.0
602.0
590.0
596.0
610.0
601.0
611.0
604.0
605.0
603.0
604.0
611.0
612.0
614.0
621.0
585.0
605.0
606.0
580.0
611.0
603.0
600.0
599.0
605.0
613.0
613.0
621.0
615.0
611.0
615.0
597.0
603.0
599.0
579.0
614.0
603.0
572.0
608.0
609.0
622.0
629.0
612.0
634.0
601.0
612.0
611.0
577.0
608.0
620.0
621.0
613.0
620.0
606.0
597.0
605.0
608.0
608.0
587.0
590.0
609.0
633.0
575.0
559.0
607.0
600.0
616.0
606.0
594.0
608.0
587.0
616.0
611.0
593.0
609.0
608.0
627.0
611.0
572.0
618.0
613.0
608.0
593.0
607.0
587.0
614.0
619.0
606.0
619.0
605.0
590.0
587.0
609.0
609.0
655.0
617.0
597.0
604.0
618.0
608.0
613.0
601.0
606.0
601.0
623.0
565.0
611.0
618.0
603.0
600.0
620.0
604.0
630.0
577.0
586.0
590.0
602.0
614.0
603.0
596.0
600.0
583.0
600.0
620.0
610.0
608.0
601.0
618.0
621.0
593.0
605.0
599.0
604.0
624.0
613.0
622.0
609.0
615.0
577.0
601.0
605.0
579.0
615.0
618.0
625.0
610.0
617.0
599.0
604.0
628.0
586.0
609.0
619.0
611.0
610.0
603.0
606.0
568.0
605.0
604.0
611.0
613.0
603.0
593.0
597.0
611.0
606.0
612.0
597.0
593.0
618.0
608.0
614.0
633.0
612.0
605.0
606.0
602.0
583.0
609.0
611.0
615.0
603.0
636.0
632.0
622.0
611.0
608.0
621.0
598.0
588.0
619.0
606.0
600.0
603.0
621.0
554.0
613.0
600.0
613.0
600.0
620.0
613.0
618.0
603.0
611.0
614.0
604.0
615.0
597.0
599.0
604.0
600.0
622.0
800.0
604.0
604.0
606.0
614.0
605.0
611.0
604.0
601.0
608.0
607.0
605.0
603.0
615.0
619.0
607.0
600.0
612.0
619.0
620.0
618.0
604.0
595.0
615.0
616.0
590.0
605.0
618.0
613.0
607.0
609.0
604.0
616.0
607.0
594.0
621.0
612.0
625.0
612.0
604.0
615.0
609.0
605.0
604.0
611.0
591.0
634.0
617.0
615.0
609.0
600.0
606.0
603.0
596.0
622.0
606.0
618.0
610.0
612.0
614.0
606.0
606.0
612.0
616.0
610.0
597.0
603.0
619.0
619.0
584.0
632.0
633.0
602.0
616.0
611.0
604.0
637.0
601.0
609.0
614.0
610.0
612.0
580.0
627.0
611.0
598.0
593.0
609.0
610.0
608.0
602.0
604.0
612.0
618.0
602.0
603.0
605.0
607.0
613.0
605.0
607.0
599.0
590.0
629.0
600.0
597.0
614.0
608.0
604.0
610.0
608.0
606.0
587.0
585.0
608.0
607.0
611.0
594.0
624.0
595.0
614.0
599.0
630.0
595.0
603.0
620.0
613.0
603.0
596.0
617.0
636.0
613.0
609.0
600.0
603.0
607.0
603.0
604.0
597.0
599.0
616.0
633.0
629.0
613.0
616.0
587.0
607.0
616.0
623.0
607.0
605.0
615.0
618.0
582.0
614.0
600.0
604.0
621.0
620.0
606.0
610.0
609.0
627.0
606.0
630.0
614.0
610.0
616.0
608.0
608.0
615.0
612.0
613.0
612.0
587.0
630.0
595.0
623.0
614.0
617.0
624.0
616.0
599.0
604.0
621.0
621.0
599.0
611.0
599.0
616.0
632.0
624.0
605.0
594.0
607.0
635.0
604.0
608.0
605.0
617.0
611.0
625.0
620.0
624.0
602.0
608.0
604.0
599.0
603.0
624.0
611.0
602.0
609.0
619.0
621.0
605.0
603.0
621.0
624.0
617.0
605.0
600.0
612.0
622.0
627.0
616.0
611.0
611.0
609.0
631.0
611.0
609.0
599.0
609.0
602.0
601.0
601.0
608.0
623.0
650.0
616.0
605.0
600.0
617.0
607.0
609.0
598.0
610.0
644.0
611.0
601.0
618.0
603.0
605.0
613.0
608.0
621.0
566.0
592.0
615.0
608.0
612.0
616.0
606.0
619.0
626.0
608.0
607.0
611.0
597.0
616.0
597.0
594.0
603.0
613.0
597.0
612.0
589.0
612.0
608.0
625.0
610.0
659.0
574.0
596.0
613.0
607.0
596.0
596.0
607.0
609.0
607.0
618.0
614.0
617.0
603.0
621.0
599.0
606.0
609.0
610.0
614.0
608.0
608.0
628.0
623.0
624.0
602.0
624.0
604.0
625.0
600.0
591.0
607.0
606.0
599.0
581.0
621.0
608.0
609.0
616.0
603.0
604.0
603.0
673.0
611.0
600.0
597.0
611.0
608.0
596.0
617.0
613.0
642.0
601.0
594.0
619.0
581.0
614.0
617.0
601.0
602.0
610.0
598.0
598.0
623.0
607.0
606.0
603.0
599.0
624.0
618.0
608.0
611.0
616.0
627.0
618.0
614.0
613.0
620.0
626.0
589.0
588.0
614.0
627.0
612.0
621.0
617.0
598.0
607.0
617.0
627.0
616.0
602.0
597.0
598.0
610.0
608.0
601.0
628.0
630.0
596.0
621.0
604.0
619.0
593.0
623.0
605.0
617.0
607.0
617.0
581.0
623.0
599.0
621.0
616.0
606.0
609.0
617.0
628.0
605.0
601.0
626.0
617.0
587.0
607.0
604.0
625.0
570.0
635.0
606.0
593.0
597.0
613.0
603.0
615.0
605.0
599.0
599.0
587.0
583.0
617.0
623.0
628.0
610.0
610.0
629.0
620.0
613.0
605.0
597.0
598.0
599.0
607.0
605.0
612.0
601.0
608.0
610.0
598.0
612.0
617.0
610.0
606.0
604.0
618.0
613.0
609.0
609.0
609.0
603.0
611.0
613.0
606.0
615.0
607.0
618.0
601.0
616.0
610.0
620.0
599.0
633.0
597.0
622.0
608.0
604.0
607.0
601.0
611.0
606.0
592.0
600.0
602.0
607.0
661.0
612.0
607.0
615.0
607.0
596.0
607.0
597.0
613.0
604.0
631.0
614.0
609.0
606.0
613.0
607.0
611.0
626.0
612.0
618.0
596.0
598.0
604.0
604.0
578.0
606.0
594.0
593.0
623.0
624.0
573.0
600.0
613.0
587.0
603.0
609.0
588.0
608.0
612.0
607.0
590.0
593.0
611.0
578.0
623.0
624.0
614.0
609.0
610.0
600.0
607.0
607.0
612.0
601.0
613.0
610.0
614.0
616.0
617.0
608.0
606.0
638.0
632.0
601.0
605.0
590.0
601.0
604.0
609.0
595.0
638.0
587.0
596.0
605.0
601.0
606.0
612.0
609.0
608.0
618.0
576.0
615.0
620.0
596.0
600.0
609.0
623.0
628.0
615.0
597.0
604.0
602.0
606.0
609.0
633.0
619.0
609.0
605.0
611.0
638.0
626.0
590.0
611.0
609.0
603.0
618.0
604.0
606.0
611.0
628.0
609.0
613.0
615.0
598.0
628.0
608.0
610.0
610.0
601.0
579.0
613.0
624.0
606.0
613.0
584.0
609.0
609.0
614.0
610.0
615.0
604.0
553.0
613.0
604.0
612.0
621.0
607.0
593.0
602.0
616.0
619.0
600.0
613.0
618.0
604.0
608.0
604.0
616.0
595.0
605.0
601.0
614.0
609.0
607.0
611.0
602.0
610.0
610.0
603.0
612.0
603.0
624.0
609.0
618.0
607.0
615.0
607.0
613.0
614.0
594.0
609.0
600.0
611.0
595.0
613.0
617.0
627.0
609.0
566.0
595.0
607.0
611.0
613.0
610.0
593.0
623.0
607.0
600.0
614.0
612.0
628.0
612.0
601.0
588.0
615.0
610.0
612.0
602.0
606.0
592.0
623.0
607.0
597.0
617.0
635.0
665.0
613.0
604.0
620.0
606.0
585.0
616.0
643.0
612.0
614.0
599.0
604.0
607.0
620.0
616.0
619.0
610.0
595.0
600.0
603.0
618.0
612.0
615.0
606.0
591.0
610.0
612.0
608.0
639.0
602.0
608.0
616.0
608.0
612.0
615.0
609.0
608.0
606.0
607.0
581.0
579.0
607.0
615.0
621.0
622.0
591.0
627.0
612.0
640.0
596.0
612.0
615.0
612.0
614.0
571.0
597.0
612.0
594.0
614.0
603.0
575.0
616.0
621.0
608.0
611.0
594.0
612.0
597.0
607.0
607.0
632.0
598.0
590.0
604.0
593.0
621.0
612.0
621.0
602.0
574.0
614.0
612.0
611.0
612.0
615.0
615.0
617.0
605.0
619.0
625.0
608.0
611.0
612.0
610.0
611.0
578.0
622.0
633.0
614.0
608.0
621.0
620.0
616.0
638.0
619.0
618.0
609.0
599.0
594.0
613.0
601.0
605.0
592.0
616.0
603.0
609.0
600.0
617.0
615.0
628.0
602.0
585.0
614.0
600.0
602.0
601.0
611.0
624.0
602.0
603.0
602.0
597.0
628.0
570.0
612.0
605.0
587.0
586.0
613.0
612.0
584.0
605.0
614.0
605.0
639.0
614.0
616.0
609.0
601.0
598.0
601.0
617.0
610.0
628.0
616.0
611.0
617.0
588.0
612.0
615.0
614.0
608.0
611.0
606.0
602.0
612.0
609.0
613.0
584.0
596.0
620.0
598.0
610.0
598.0
596.0
610.0
602.0
648.0
601.0
624.0
603.0
656.0
607.0
616.0
603.0
603.0
620.0
596.0
607.0
610.0
613.0
604.0
603.0
604.0
615.0
599.0
615.0
596.0
592.0
596.0
600.0
615.0
614.0
610.0
635.0
611.0
614.0
612.0
590.0
608.0
617.0
613.0
606.0
614.0
588.0
591.0
605.0
614.0
617.0
617.0
595.0
602.0
614.0
602.0
602.0
614.0
582.0
600.0
599.0
613.0
627.0
603.0
597.0
586.0
602.0
622.0
615.0
636.0
604.0
700.0
962.0
616.0
609.0
597.0
606.0
614.0
570.0
583.0
609.0
611.0
613.0
612.0
610.0
606.0
625.0
601.0
604.0
614.0
593.0
596.0
603.0
607.0
602.0
600.0
592.0
608.0
619.0
614.0
616.0
602.0
607.0
615.0
600.0
612.0
608.0
615.0
609.0
614.0
617.0
604.0
628.0
603.0
610.0
608.0
600.0
611.0
610.0
612.0
598.0
619.0
605.0
611.0
615.0
601.0
598.0
620.0
604.0
609.0
601.0
604.0
629.0
608.0
595.0
600.0
609.0
596.0
613.0
619.0
603.0
588.0
611.0
610.0
621.0
622.0
615.0
612.0
615.0
615.0
617.0
604.0
593.0
596.0
564.0
627.0
644.0
609.0
628.0
618.0
603.0
605.0
615.0
631.0
618.0
585.0
605.0
583.0
623.0
610.0
603.0
597.0
621.0
597.0
605.0
590.0
616.0
643.0
627.0
612.0
623.0
607.0
602.0
576.0
631.0
601.0
606.0
604.0
605.0
608.0
606.0
617.0
607.0
601.0
600.0
608.0
614.0
615.0
622.0
594.0
600.0
609.0
626.0
601.0
591.0
612.0
638.0
605.0
621.0
605.0
602.0
604.0
606.0
618.0
582.0
616.0
627.0
606.0
598.0
615.0
612.0
575.0
623.0
611.0
607.0
606.0
606.0
601.0
630.0
617.0
611.0
634.0
623.0
615.0
604.0
603.0
606.0
625.0
603.0
611.0
604.0
600.0
605.0
612.0
614.0
620.0
605.0
597.0
600.0
610.0
625.0
612.0
625.0
637.0
593.0
598.0
605.0
604.0
611.0
608.0
620.0
615.0
601.0
615.0
615.0
607.0
594.0
607.0
605.0
606.0
602.0
608.0
604.0
606.0
602.0
628.0
604.0
619.0
611.0
619.0
606.0
617.0
611.0
615.0
620.0
611.0
636.0
600.0
610.0
622.0
598.0
606.0
586.0
605.0
605.0
612.0
633.0
611.0
615.0
600.0
606.0
607.0
610.0
591.0
599.0
615.0
611.0
616.0
613.0
625.0
600.0
607.0
607.0
594.0
594.0
611.0
617.0
613.0
610.0
624.0
594.0
597.0
609.0
605.0
615.0
620.0
607.0
615.0
605.0
626.0
606.0
608.0
606.0
622.0
590.0
616.0
607.0
573.0
605.0
599.0
610.0
606.0
622.0
597.0
610.0
616.0
607.0
567.0
609.0
585.0
612.0
617.0
614.0
603.0
648.0
609.0
569.0
613.0
622.0
620.0
602.0
620.0
624.0
610.0
601.0
626.0
625.0
641.0
611.0
594.0
611.0
729.0
620.0
609.0
606.0
600.0
607.0
616.0
592.0
611.0
589.0
621.0
609.0
620.0
603.0
607.0
607.0
611.0
616.0
618.0
595.0
596.0
604.0
599.0
623.0
601.0
601.0
615.0
595.0
603.0
603.0
613.0
626.0
604.0
608.0
596.0
602.0
613.0
597.0
613.0
609.0
607.0
611.0
608.0
604.0
618.0
634.0
614.0
604.0
608.0
609.0
608.0
590.0
604.0
605.0
583.0
585.0
604.0
613.0
614.0
603.0
608.0
611.0
602.0
608.0
599.0
602.0
594.0
632.0
607.0
612.0
591.0
615.0
610.0
599.0
616.0
607.0
612.0
616.0
868.0
605.0
607.0
589.0
606.0
607.0
608.0
637.0
619.0
594.0
599.0
610.0
594.0
610.0
600.0
600.0
610.0
607.0
613.0
606.0
605.0
617.0
620.0
609.0
606.0
612.0
588.0
608.0
618.0
580.0
582.0
585.0
604.0
612.0
602.0
606.0
631.0
609.0
601.0
624.0
603.0
623.0
599.0
600.0
615.0
618.0
601.0
683.0
657.0
614.0
603.0
594.0
625.0
626.0
611.0
614.0
605.0
607.0
607.0
609.0
620.0
618.0
618.0
615.0
618.0
578.0
610.0
591.0
630.0
617.0
595.0
600.0
603.0
604.0
593.0
611.0
606.0
613.0
611.0
605.0
622.0
614.0
606.0
604.0
609.0
622.0
617.0
613.0
608.0
597.0
623.0
607.0
609.0
618.0
632.0
636.0
612.0
601.0
597.0
567.0
618.0
610.0
615.0
610.0
554.0
635.0
578.0
608.0
614.0
616.0
606.0
606.0
621.0
619.0
580.0
592.0
615.0
595.0
624.0
598.0
612.0
601.0
604.0
595.0
610.0
636.0
601.0
605.0
610.0
612.0
583.0
607.0
602.0
606.0
599.0
606.0
617.0
610.0
609.0
608.0
608.0
613.0
620.0
575.0
615.0
600.0
600.0
607.0
607.0
605.0
614.0
605.0
601.0
611.0
604.0
599.0
612.0
604.0
609.0
603.0
600.0
605.0
605.0
625.0
601.0
599.0
615.0
611.0
587.0
589.0
571.0
640.0
607.0
605.0
592.0
614.0
623.0
602.0
615.0
614.0
611.0
598.0
543.0
609.0
607.0
606.0
623.0
610.0
601.0
607.0
621.0
616.0
611.0
602.0
599.0
605.0
620.0
612.0
601.0
597.0
624.0
589.0
610.0
616.0
590.0
615.0
622.0
602.0
610.0
590.0
605.0
600.0
597.0
607.0
618.0
607.0
605.0
606.0
606.0
609.0
606.0
612.0
597.0
613.0
626.0
600.0
605.0
614.0
608.0
621.0
610.0
680.0
594.0
617.0
609.0
608.0
607.0
637.0
601.0
603.0
618.0
600.0
610.0
609.0
597.0
597.0
606.0
610.0
619.0
622.0
602.0
610.0
622.0
608.0
641.0
613.0
614.0
610.0
596.0
607.0
603.0
634.0
614.0
617.0
603.0
606.0
595.0
578.0
609.0
608.0
610.0
607.0
609.0
607.0
609.0
608.0
596.0
613.0
599.0
601.0
628.0
605.0
608.0
603.0
609.0
606.0
613.0
609.0
627.0
609.0
610.0
615.0
622.0
603.0
598.0
618.0
601.0
601.0
616.0
613.0
588.0
605.0
601.0
621.0
605.0
587.0
606.0
604.0
598.0
609.0
608.0
607.0
608.0
605.0
613.0
623.0
606.0
607.0
606.0
614.0
601.0
605.0
621.0
602.0
609.0
612.0
602.0
607.0
610.0
599.0
584.0
606.0
600.0
614.0
619.0
600.0
610.0
595.0
612.0
591.0
624.0
596.0
610.0
613.0
615.0
611.0
618.0
609.0
620.0
615.0
613.0
613.0
602.0
592.0
605.0
619.0
608.0
609.0
618.0
613.0
597.0
604.0
621.0
608.0
605.0
598.0
612.0
612.0
598.0
611.0
613.0
607.0
617.0
602.0
603.0
612.0
606.0
645.0
600.0
617.0
602.0
603.0
609.0
608.0
585.0
604.0
625.0
594.0
611.0
597.0
604.0
622.0
614.0
603.0
612.0
606.0
605.0
603.0
583.0
609.0
607.0
599.0
627.0
603.0
599.0
605.0
613.0
597.0
607.0
604.0
604.0
608.0
593.0
632.0
621.0
604.0
613.0
608.0
610.0
605.0
597.0
609.0
605.0
612.0
611.0
614.0
615.0
608.0
602.0
598.0
607.0
617.0
623.0
597.0
609.0
606.0
617.0
598.0
609.0
603.0
625.0
607.0
607.0
599.0
597.0
632.0
608.0
602.0
613.0
620.0
599.0
603.0
605.0
600.0
601.0
604.0
633.0
609.0
621.0
625.0
605.0
593.0
560.0
594.0
601.0
581.0
612.0
604.0
626.0
603.0
601.0
614.0
642.0
601.0
602.0
607.0
603.0
604.0
623.0
618.0
609.0
609.0
568.0
635.0
619.0
602.0
604.0
608.0
611.0
591.0
604.0
618.0
603.0
634.0
609.0
613.0
610.0
604.0
614.0
583.0
598.0
598.0
646.0
618.0
612.0
610.0
608.0
625.0
617.0
600.0
597.0
609.0
611.0
612.0
597.0
612.0
616.0
610.0
603.0
602.0
607.0
607.0
611.0
603.0
601.0
626.0
633.0
565.0
601.0
595.0
617.0
605.0
607.0
607.0
596.0
601.0
594.0
613.0
603.0
617.0
603.0
663.0
596.0
607.0
627.0
634.0
618.0
610.0
609.0
618.0
609.0
597.0
610.0
609.0
603.0
614.0
611.0
598.0
606.0
598.0
604.0
600.0
607.0
607.0
610.0
604.0
613.0
602.0
626.0
625.0
604.0
606.0
600.0
583.0
607.0
572.0
614.0
596.0
612.0
628.0
599.0
600.0
602.0
621.0
604.0
614.0
628.0
613.0
636.0
616.0
601.0
617.0
613.0
598.0
599.0
615.0
615.0
641.0
616.0
615.0
608.0
604.0
619.0
615.0
637.0
595.0
603.0
611.0
600.0
607.0
615.0
617.0
610.0
598.0
632.0
584.0
605.0
598.0
609.0
622.0
614.0
598.0
596.0
609.0
605.0
609.0
696.0
606.0
614.0
609.0
634.0
621.0
606.0
611.0
614.0
598.0
605.0
631.0
622.0
598.0
615.0
605.0
605.0
611.0
618.0
608.0
607.0
619.0
616.0
610.0
607.0
612.0
617.0
598.0
597.0
619.0
596.0
615.0
614.0
619.0
608.0
604.0
619.0
637.0
604.0
620.0
610.0
610.0
604.0
617.0
599.0
616.0
622.0
616.0
610.0
601.0
581.0
622.0
612.0
609.0
600.0
599.0
594.0
606.0
806.0
619.0
593.0
601.0
598.0
605.0
602.0
618.0
600.0
605.0
601.0
608.0
586.0
636.0
606.0
617.0
616.0
616.0
694.0
595.0
604.0
618.0
606.0
605.0
611.0
604.0
603.0
602.0
574.0
632.0
618.0
618.0
619.0
591.0
616.0
609.0
606.0
605.0
634.0
613.0
598.0
614.0
602.0
616.0
616.0
602.0
609.0
611.0
618.0
613.0
602.0
614.0
599.0
616.0
606.0
604.0
601.0
602.0
627.0
610.0
610.0
613.0
613.0
612.0
608.0
606.0
618.0
624.0
614.0
612.0
616.0
661.0
637.0
610.0
623.0
577.0
610.0
607.0
614.0
611.0
600.0
607.0
616.0
596.0
602.0
610.0
616.0
607.0
614.0
609.0
595.0
602.0
597.0
613.0
637.0
620.0
610.0
594.0
632.0
624.0
600.0
607.0
594.0
595.0
617.0
638.0
607.0
603.0
630.0
613.0
603.0
621.0
600.0
607.0
614.0
615.0
609.0
632.0
613.0
591.0
624.0
608.0
593.0
623.0
585.0
614.0
597.0
612.0
614.0
600.0
603.0
576.0
623.0
608.0
619.0
609.0
608.0
605.0
600.0
591.0
598.0
608.0
600.0
583.0
612.0
617.0
611.0
606.0
597.0
634.0
606.0
599.0
626.0
616.0
607.0
606.0
607.0
622.0
568.0
610.0
598.0
604.0
614.0
610.0
605.0
612.0
605.0
617.0
593.0
615.0
604.0
615.0
623.0
637.0
622.0
608.0
596.0
633.0
609.0
611.0
637.0
604.0
622.0
609.0
615.0
614.0
639.0
627.0
607.0
603.0
612.0
632.0
604.0
611.0
611.0
612.0
612.0
602.0
605.0
601.0
598.0
627.0
601.0
599.0
600.0
614.0
614.0
595.0
606.0
600.0
607.0
610.0
596.0
632.0
616.0
610.0
634.0
612.0
615.0
600.0
601.0
588.0
635.0
616.0
610.0
621.0
602.0
602.0
610.0
609.0
597.0
607.0
624.0
606.0
615.0
606.0
596.0
623.0
601.0
607.0
616.0
615.0
615.0
600.0
622.0
594.0
599.0
608.0
606.0
605.0
611.0
610.0
573.0
608.0
603.0
624.0
600.0
606.0
613.0
624.0
621.0
614.0
610.0
609.0
617.0
615.0
602.0
610.0
613.0
635.0
610.0
615.0
633.0
626.0
606.0
601.0
608.0
600.0
609.0
612.0
572.0
609.0
607.0
607.0
619.0
621.0
613.0
599.0
620.0
603.0
604.0
599.0
623.0
612.0
621.0
609.0
598.0
617.0
596.0
605.0
605.0
603.0
603.0
611.0
598.0
607.0
603.0
604.0
700.0
613.0
602.0
601.0
586.0
608.0
609.0
598.0
626.0
608.0
588.0
606.0
605.0
629.0
609.0
608.0
571.0
625.0
614.0
607.0
607.0
599.0
586.0
621.0
605.0
624.0
619.0
626.0
609.0
606.0
614.0
613.0
600.0
612.0
607.0
615.0
604.0
596.0
626.0
595.0
616.0
577.0
614.0
592.0
573.0
612.0
606.0
603.0
612.0
576.0
616.0
592.0
653.0
606.0
661.0
620.0
605.0
600.0
626.0
614.0
609.0
611.0
609.0
624.0
617.0
607.0
635.0
605.0
605.0
599.0
605.0
623.0
606.0
609.0
613.0
602.0
607.0
605.0
629.0
605.0
600.0
612.0
611.0
602.0
611.0
611.0
608.0
618.0
617.0
608.0
604.0
607.0
599.0
598.0
603.0
617.0
609.0
569.0
603.0
610.0
606.0
602.0
598.0
612.0
610.0
638.0
620.0
598.0
612.0
605.0
606.0
604.0
604.0
617.0
577.0
612.0
612.0
602.0
609.0
612.0
591.0
624.0
613.0
619.0
623.0
605.0
603.0
611.0
621.0
607.0
604.0
605.0
621.0
598.0
598.0
611.0
605.0
625.0
625.0
608.0
602.0
612.0
612.0
610.0
596.0
600.0
620.0
610.0
595.0
610.0
612.0
615.0
609.0
605.0
612.0
638.0
621.0
606.0
610.0
605.0
600.0
587.0
620.0
612.0
612.0
617.0
892.0
605.0
598.0
607.0
592.0
608.0
606.0
613.0
613.0
606.0
602.0
608.0
625.0
608.0
615.0
603.0
618.0
611.0
598.0
610.0
623.0
612.0
618.0
610.0
614.0
609.0
610.0
600.0
613.0
608.0
610.0
594.0
629.0
598.0
600.0
602.0
632.0
627.0
613.0
604.0
600.0
608.0
600.0
603.0
604.0
598.0
628.0
606.0
617.0
600.0
602.0
619.0
602.0
606.0
600.0
603.0
611.0
613.0
609.0
623.0
630.0
605.0
618.0
597.0
687.0
674.0
599.0
612.0
600.0
608.0
616.0
610.0
618.0
606.0
607.0
619.0
625.0
602.0
604.0
605.0
607.0
602.0
605.0
607.0
600.0
603.0
601.0
609.0
608.0
613.0
625.0
625.0
615.0
609.0
608.0
608.0
609.0
595.0
607.0
600.0
616.0
606.0
600.0
622.0
605.0
601.0
612.0
604.0
603.0
577.0
611.0
598.0
603.0
606.0
621.0
604.0
605.0
615.0
600.0
577.0
628.0
626.0
611.0
606.0
604.0
611.0
625.0
629.0
600.0
599.0
605.0
605.0
588.0
610.0
608.0
619.0
609.0
613.0
612.0
599.0
607.0
593.0
607.0
616.0
611.0
617.0
601.0
554.0
606.0
599.0
611.0
604.0
601.0
590.0
615.0
614.0
640.0
610.0
607.0
618.0
623.0
614.0
575.0
614.0
610.0
610.0
599.0
601.0
619.0
600.0
606.0
605.0
608.0
615.0
613.0
608.0
620.0
625.0
544.0
623.0
602.0
609.0
597.0
609.0
572.0
610.0
601.0
597.0
604.0
634.0
607.0
628.0
603.0
619.0
603.0
609.0
611.0
643.0
598.0
614.0
616.0
612.0
627.0
604.0
584.0
612.0
609.0
617.0
628.0
610.0
609.0
581.0
594.0
597.0
618.0
609.0
618.0
594.0
596.0
592.0
611.0
615.0
616.0
586.0
605.0
624.0
609.0
601.0
606.0
622.0
636.0
618.0
614.0
603.0
608.0
606.0
604.0
631.0
604.0
611.0
616.0
616.0
620.0
589.0
600.0
600.0
634.0
586.0
607.0
613.0
609.0
608.0
605.0
640.0
611.0
617.0
603.0
605.0
603.0
609.0
609.0
607.0
625.0
613.0
612.0
605.0
641.0
609.0
605.0
614.0
576.0
615.0
618.0
604.0
863.0
608.0
602.0
609.0
599.0
608.0
623.0
629.0
609.0
608.0
619.0
618.0
636.0
603.0
613.0
630.0
608.0
599.0
620.0
586.0
614.0
611.0
615.0
623.0
607.0
620.0
608.0
601.0
601.0
604.0
600.0
610.0
620.0
601.0
598.0
612.0
618.0
619.0
559.0
625.0
607.0
589.0
608.0
614.0
615.0
615.0
608.0
633.0
612.0
598.0
603.0
609.0
608.0
621.0
611.0
606.0
630.0
603.0
622.0
616.0
595.0
622.0
608.0
619.0
600.0
614.0
620.0
609.0
626.0
611.0
633.0
614.0
600.0
608.0
611.0
601.0
603.0
612.0
606.0
605.0
613.0
609.0
617.0
613.0
614.0
613.0
604.0
606.0
613.0
602.0
601.0
609.0
585.0
613.0
609.0
627.0
601.0
594.0
591.0
604.0
611.0
623.0
612.0
630.0
604.0
611.0
613.0
622.0
608.0
586.0
621.0
602.0
618.0
622.0
602.0
607.0
606.0
624.0
630.0
601.0
620.0
597.0
596.0
607.0
569.0
602.0
607.0
618.0
610.0
597.0
601.0
609.0
611.0
642.0
617.0
611.0
590.0
610.0
607.0
614.0
597.0
603.0
614.0
603.0
605.0
614.0
547.0
602.0
618.0
594.0
608.0
608.0
612.0
592.0
598.0
616.0
629.0
613.0
621.0
605.0
612.0
607.0
614.0
606.0
617.0
608.0
600.0
608.0
608.0
588.0
621.0
609.0
589.0
609.0
601.0
604.0
600.0
595.0
580.0
600.0
616.0
600.0
606.0
566.0
599.0
555.0
603.0
600.0
605.0
605.0
627.0
610.0
624.0
602.0
599.0
616.0
610.0
592.0
612.0
607.0
609.0
612.0
599.0
622.0
569.0
598.0
609.0
614.0
598.0
612.0
628.0
609.0
631.0
598.0
605.0
617.0
595.0
605.0
616.0
608.0
608.0
599.0
609.0
618.0
805.0
614.0
619.0
614.0
603.0
618.0
620.0
605.0
608.0
588.0
627.0
623.0
616.0
560.0
621.0
613.0
626.0
591.0
598.0
602.0
596.0
607.0
591.0
600.0
577.0
610.0
607.0
587.0
615.0
605.0
614.0
608.0
622.0
598.0
604.0
601.0
602.0
620.0
616.0
603.0
600.0
611.0
624.0
609.0
622.0
610.0
610.0
615.0
591.0
578.0
611.0
615.0
609.0
605.0
611.0
604.0
615.0
610.0
605.0
610.0
629.0
616.0
613.0
616.0
625.0
616.0
623.0
606.0
612.0
613.0
590.0
620.0
604.0
598.0
608.0
606.0
608.0
594.0
605.0
593.0
611.0
611.0
607.0
601.0
619.0
608.0
599.0
600.0
604.0
611.0
615.0
605.0
606.0
613.0
614.0
601.0
600.0
596.0
598.0
613.0
602.0
623.0
611.0
603.0
614.0
609.0
609.0
572.0
630.0
601.0
606.0
617.0
600.0
626.0
596.0
604.0
629.0
622.0
614.0
613.0
613.0
614.0
607.0
596.0
605.0
563.0
624.0
599.0
608.0
610.0
568.0
603.0
649.0
622.0
619.0
617.0
614.0
605.0
607.0
607.0
598.0
618.0
610.0
605.0
610.0
623.0
632.0
601.0
598.0
599.0
605.0
611.0
601.0
608.0
602.0
608.0
623.0
611.0
612.0
597.0
604.0
625.0
597.0
605.0
616.0
617.0
628.0
597.0
605.0
596.0
607.0
620.0
580.0
601.0
604.0
615.0
617.0
605.0
606.0
602.0
624.0
610.0
604.0
597.0
591.0
626.0
599.0
604.0
613.0
615.0
589.0
604.0
599.0
603.0
596.0
611.0
618.0
595.0
608.0
621.0
624.0
617.0
599.0
601.0
618.0
607.0
605.0
566.0
611.0
593.0
611.0
607.0
612.0
619.0
600.0
609.0
607.0
617.0
613.0
614.0
603.0
609.0
606.0
610.0
612.0
571.0
603.0
611.0
618.0
623.0
622.0
604.0
623.0
619.0
603.0
599.0
612.0
603.0
622.0
611.0
614.0
616.0
606.0
618.0
602.0
609.0
620.0
607.0
608.0
612.0
606.0
607.0
589.0
606.0
623.0
601.0
615.0
601.0
615.0
595.0
601.0
605.0
598.0
597.0
603.0
614.0
603.0
606.0
614.0
617.0
605.0
618.0
611.0
584.0
616.0
601.0
604.0
618.0
635.0
599.0
617.0
607.0
606.0
616.0
589.0
618.0
622.0
614.0
604.0
638.0
613.0
620.0
620.0
624.0
604.0
620.0
616.0
604.0
614.0
643.0
619.0
607.0
610.0
618.0
642.0
600.0
598.0
607.0
619.0
620.0
611.0
600.0
601.0
610.0
610.0
601.0
600.0
588.0
605.0
609.0
608.0
621.0
610.0
640.0
647.0
596.0
616.0
610.0
571.0
600.0
609.0
624.0
580.0
613.0
592.0
606.0
613.0
603.0
603.0
610.0
618.0
587.0
609.0
619.0
599.0
616.0
608.0
611.0
609.0
605.0
627.0
615.0
603.0
629.0
601.0
591.0
607.0
596.0
610.0
617.0
602.0
613.0
615.0
608.0
619.0
603.0
619.0
606.0
615.0
622.0
607.0
617.0
628.0
608.0
609.0
597.0
585.0
609.0
616.0
609.0
609.0
616.0
606.0
618.0
606.0
602.0
609.0
611.0
603.0
606.0
612.0
602.0
578.0
608.0
604.0
609.0
605.0
602.0
604.0
603.0
596.0
617.0
624.0
608.0
622.0
604.0
623.0
559.0
573.0
607.0
610.0
606.0
603.0
613.0
593.0
610.0
602.0
604.0
615.0
617.0
602.0
602.0
623.0
614.0
604.0
599.0
607.0
608.0
601.0
558.0
615.0
614.0
619.0
623.0
615.0
574.0
609.0
611.0
603.0
608.0
627.0
605.0
611.0
604.0
616.0
614.0
612.0
609.0
599.0
581.0
610.0
610.0
609.0
630.0
603.0
593.0
603.0
607.0
610.0
608.0
586.0
605.0
617.0
611.0
616.0
610.0
614.0
583.0
615.0
580.0
609.0
606.0
607.0
596.0
618.0
621.0
620.0
606.0
618.0
623.0
615.0
618.0
602.0
600.0
616.0
605.0
599.0
612.0
601.0
607.0
601.0
613.0
603.0
616.0
609.0
567.0
602.0
609.0
614.0
594.0
607.0
622.0
636.0
613.0
600.0
604.0
605.0
614.0
606.0
624.0
615.0
611.0
590.0
636.0
599.0
614.0
616.0
603.0
618.0
613.0
599.0
606.0
603.0
618.0
620.0
607.0
612.0
593.0
614.0
617.0
595.0
611.0
620.0
627.0
606.0
609.0
604.0
618.0
606.0
612.0
608.0
602.0
619.0
624.0
599.0
627.0
608.0
576.0
609.0
627.0
598.0
603.0
611.0
592.0
610.0
613.0
591.0
623.0
597.0
624.0
602.0
610.0
612.0
628.0
603.0
620.0
613.0
619.0
617.0
587.0
618.0
619.0
585.0
600.0
618.0
594.0
603.0
636.0
614.0
603.0
601.0
609.0
602.0
607.0
618.0
630.0
620.0
618.0
610.0
601.0
615.0
601.0
617.0
605.0
602.0
627.0
604.0
613.0
601.0
626.0
610.0
623.0
600.0
604.0
613.0
598.0
602.0
635.0
610.0
601.0
630.0
609.0
620.0
601.0
609.0
609.0
615.0
621.0
609.0
600.0
602.0
609.0
602.0
601.0
614.0
608.0
609.0
623.0
617.0
605.0
615.0
597.0
604.0
598.0
603.0
592.0
609.0
621.0
604.0
623.0
620.0
621.0
601.0
607.0
616.0
608.0
602.0
604.0
605.0
585.0
573.0
602.0
606.0
627.0
609.0
613.0
564.0
617.0
598.0
604.0
617.0
605.0
606.0
601.0
603.0
603.0
606.0
599.0
614.0
611.0
602.0
614.0
610.0
611.0
596.0
603.0
612.0
614.0
612.0
634.0
619.0
610.0
617.0
601.0
610.0
610.0
610.0
617.0
607.0
604.0
609.0
615.0
608.0
614.0
605.0
609.0
605.0
639.0
620.0
639.0
615.0
602.0
619.0
599.0
611.0
594.0
570.0
608.0
602.0
595.0
613.0
602.0
603.0
604.0
606.0
609.0
612.0
606.0
634.0
627.0
619.0
615.0
624.0
628.0
632.0
609.0
609.0
605.0
601.0
612.0
605.0
603.0
612.0
598.0
615.0
619.0
607.0
596.0
610.0
602.0
604.0
595.0
611.0
605.0
625.0
615.0
633.0
605.0
596.0
611.0
611.0
610.0
617.0
605.0
597.0
614.0
610.0
612.0
607.0
629.0
615.0
602.0
610.0
612.0
615.0
601.0
614.0
595.0
600.0
595.0
611.0
614.0
609.0
594.0
602.0
611.0
621.0
612.0
628.0
599.0
624.0
605.0
611.0
607.0
596.0
595.0
637.0
610.0
605.0
599.0
611.0
622.0
607.0
612.0
613.0
624.0
598.0
605.0
615.0
623.0
611.0
601.0
604.0
600.0
605.0
616.0
602.0
627.0
609.0
614.0
607.0
604.0
603.0
593.0
596.0
616.0
608.0
605.0
598.0
600.0
604.0
604.0
619.0
612.0
594.0
622.0
637.0
624.0
608.0
599.0
583.0
604.0
593.0
596.0
632.0
608.0
627.0
592.0
601.0
605.0
611.0
611.0
617.0
614.0
608.0
608.0
611.0
628.0
620.0
600.0
606.0
612.0
603.0
618.0
610.0
643.0
611.0
605.0
608.0
628.0
625.0
602.0
623.0
645.0
610.0
609.0
610.0
550.0
597.0
600.0
597.0
629.0
599.0
615.0
642.0
606.0
615.0
625.0
625.0
612.0
604.0
605.0
610.0
603.0
610.0
607.0
604.0
569.0
624.0
600.0
603.0
607.0
590.0
603.0
611.0
602.0
598.0
603.0
604.0
597.0
616.0
609.0
601.0
603.0
596.0
593.0
625.0
602.0
610.0
615.0
605.0
602.0
610.0
614.0
642.0
615.0
610.0
603.0
610.0
622.0
603.0
609.0
603.0
607.0
630.0
585.0
616.0
611.0
605.0
619.0
604.0
624.0
607.0
600.0
606.0
616.0
616.0
630.0
620.0
607.0
624.0
608.0
616.0
599.0
618.0
604.0
611.0
617.0
617.0
597.0
618.0
624.0
606.0
604.0
612.0
609.0
614.0
611.0
615.0
602.0
623.0
605.0
614.0
608.0
606.0
606.0
605.0
600.0
606.0
609.0
596.0
613.0
605.0
617.0
564.0
603.0
609.0
612.0
603.0
607.0
619.0
617.0
570.0
612.0
604.0
608.0
631.0
598.0
608.0
602.0
605.0
580.0
599.0
603.0
615.0
600.0
613.0
609.0
598.0
605.0
624.0
614.0
597.0
611.0
606.0
630.0
601.0
617.0
613.0
655.0
607.0
618.0
602.0
622.0
614.0
614.0
608.0
622.0
609.0
615.0
601.0
610.0
600.0
608.0
621.0
619.0
617.0
599.0
605.0
610.0
604.0
607.0
602.0
601.0
620.0
614.0
604.0
574.0
607.0
608.0
611.0
619.0
625.0
606.0
603.0
606.0
614.0
600.0
604.0
604.0
614.0
593.0
618.0
572.0
590.0
609.0
599.0
608.0
612.0
621.0
592.0
622.0
607.0
611.0
598.0
607.0
630.0
604.0
592.0
609.0
597.0
604.0
599.0
615.0
594.0
588.0
575.0
607.0
607.0
614.0
610.0
615.0
599.0
612.0
606.0
606.0
597.0
633.0
619.0
603.0
601.0
595.0
607.0
597.0
577.0
596.0
615.0
610.0
578.0
616.0
600.0
614.0
602.0
610.0
609.0
648.0
605.0
605.0
586.0
613.0
616.0
607.0
616.0
621.0
608.0
624.0
619.0
621.0
627.0
595.0
608.0
623.0
612.0
608.0
606.0
612.0
619.0
603.0
606.0
623.0
632.0
601.0
586.0
613.0
603.0
638.0
638.0
598.0
613.0
595.0
620.0
612.0
610.0
612.0
601.0
631.0
611.0
585.0
610.0
631.0
609.0
617.0
619.0
583.0
634.0
599.0
591.0
592.0
600.0
615.0
596.0
600.0
584.0
612.0
600.0
625.0
595.0
618.0
609.0
599.0
616.0
609.0
630.0
610.0
598.0
618.0
668.0
616.0
613.0
627.0
611.0
603.0
637.0
617.0
615.0
614.0
611.0
610.0
607.0
620.0
596.0
611.0
612.0
621.0
601.0
603.0
593.0
613.0
604.0
632.0
632.0
604.0
621.0
588.0
609.0
605.0
611.0
600.0
609.0
606.0
586.0
601.0
609.0
608.0
604.0
575.0
599.0
602.0
616.0
621.0
596.0
618.0
627.0
607.0
596.0
604.0
616.0
608.0
599.0
611.0
553.0
602.0
615.0
602.0
622.0
608.0
899.0
602.0
598.0
611.0
604.0
593.0
595.0
608.0
626.0
626.0
605.0
618.0
614.0
615.0
605.0
608.0
596.0
609.0
602.0
609.0
602.0
617.0
607.0
607.0
606.0
616.0
597.0
621.0
612.0
606.0
628.0
614.0
614.0
605.0
614.0
604.0
607.0
597.0
620.0
615.0
609.0
601.0
618.0
604.0
601.0
594.0
598.0
609.0
607.0
608.0
616.0
607.0
609.0
598.0
595.0
611.0
615.0
599.0
624.0
617.0
612.0
608.0
608.0
607.0
621.0
606.0
608.0
604.0
622.0
602.0
602.0
610.0
611.0
613.0
613.0
590.0
602.0
608.0
622.0
611.0
605.0
609.0
608.0
610.0
614.0
619.0
617.0
605.0
608.0
630.0
608.0
617.0
609.0
612.0
608.0
610.0
616.0
594.0
612.0
612.0
602.0
610.0
612.0
610.0
612.0
625.0
568.0
598.0
604.0
601.0
619.0
605.0
611.0
630.0
621.0
611.0
612.0
617.0
607.0
601.0
608.0
600.0
620.0
615.0
607.0
605.0
645.0
604.0
606.0
622.0
610.0
608.0
603.0
608.0
600.0
605.0
609.0
613.0
638.0
604.0
624.0
593.0
607.0
616.0
598.0
605.0
591.0
625.0
613.0
616.0
610.0
610.0
621.0
608.0
626.0
609.0
593.0
615.0
573.0
624.0
613.0
638.0
606.0
598.0
601.0
607.0
580.0
597.0
611.0
616.0
613.0
608.0
613.0
615.0
609.0
608.0
615.0
621.0
608.0
628.0
605.0
568.0
608.0
633.0
598.0
611.0
600.0
612.0
615.0
606.0
604.0
635.0
580.0
615.0
619.0
599.0
608.0
613.0
611.0
608.0
605.0
620.0
611.0
624.0
598.0
603.0
598.0
623.0
599.0
563.0
615.0
606.0
601.0
584.0
617.0
647.0
609.0
604.0
661.0
610.0
615.0
596.0
612.0
606.0
609.0
627.0
605.0
608.0
603.0
617.0
645.0
626.0
608.0
619.0
615.0
624.0
602.0
633.0
592.0
629.0
603.0
580.0
598.0
621.0
603.0
611.0
599.0
617.0
605.0
607.0
617.0
617.0
618.0
608.0
617.0
598.0
618.0
614.0
599.0
614.0
592.0
601.0
612.0
598.0
621.0
619.0
618.0
607.0
627.0
617.0
609.0
607.0
607.0
599.0
617.0
608.0
608.0
603.0
609.0
592.0
612.0
625.0
621.0
563.0
609.0
602.0
596.0
599.0
625.0
618.0
619.0
615.0
595.0
601.0
616.0
612.0
598.0
618.0
610.0
605.0
608.0
626.0
602.0
607.0
596.0
604.0
560.0
622.0
601.0
623.0
610.0
606.0
603.0
600.0
609.0
632.0
603.0
604.0
585.0
602.0
611.0
610.0
608.0
602.0
616.0
610.0
608.0
623.0
603.0
604.0
608.0
605.0
616.0
602.0
594.0
600.0
611.0
596.0
621.0
613.0
605.0
598.0
610.0
603.0
592.0
593.0
603.0
587.0
616.0
627.0
605.0
617.0
612.0
602.0
775.0
616.0
623.0
603.0
606.0
624.0
602.0
606.0
599.0
613.0
600.0
625.0
611.0
609.0
609.0
602.0
604.0
599.0
609.0
613.0
612.0
605.0
617.0
601.0
617.0
615.0
612.0
581.0
614.0
608.0
617.0
615.0
601.0
606.0
597.0
611.0
603.0
606.0
597.0
618.0
583.0
610.0
598.0
618.0
602.0
610.0
604.0
608.0
609.0
601.0
606.0
604.0
610.0
629.0
611.0
617.0
601.0
602.0
617.0
589.0
619.0
603.0
601.0
630.0
605.0
608.0
629.0
615.0
610.0
614.0
646.0
619.0
604.0
601.0
611.0
588.0
606.0
606.0
610.0
620.0
609.0
607.0
615.0
597.0
599.0
574.0
600.0
602.0
603.0
604.0
599.0
589.0
608.0
603.0
604.0
616.0
619.0
627.0
620.0
614.0
615.0
606.0
596.0
613.0
605.0
610.0
580.0
612.0
596.0
614.0
602.0
605.0
616.0
631.0
608.0
626.0
590.0
620.0
642.0
582.0
598.0
598.0
615.0
577.0
583.0
608.0
607.0
603.0
585.0
613.0
609.0
607.0
614.0
637.0
622.0
582.0
611.0
607.0
609.0
612.0
592.0
606.0
617.0
596.0
606.0
604.0
604.0
612.0
606.0
613.0
608.0
621.0
629.0
601.0
594.0
610.0
627.0
604.0
579.0
608.0
616.0
606.0
602.0
611.0
624.0
611.0
598.0
609.0
598.0
604.0
606.0
607.0
610.0
592.0
605.0
623.0
571.0
616.0
622.0
613.0
606.0
614.0
624.0
607.0
605.0
621.0
603.0
595.0
611.0
612.0
615.0
612.0
615.0
570.0
578.0
607.0
598.0
613.0
609.0
605.0
601.0
597.0
590.0
626.0
599.0
608.0
620.0
604.0
625.0
588.0
610.0
623.0
616.0
615.0
611.0
612.0
604.0
639.0
599.0
602.0
597.0
605.0
566.0
601.0
569.0
603.0
626.0
586.0
600.0
625.0
572.0
608.0
610.0
607.0
605.0
609.0
617.0
617.0
608.0
579.0
603.0
623.0
608.0
601.0
667.0
617.0
617.0
601.0
616.0
603.0
609.0
589.0
605.0
613.0
627.0
605.0
627.0
602.0
600.0
602.0
614.0
604.0
603.0
611.0
615.0
603.0
598.0
602.0
608.0
621.0
629.0
628.0
627.0
623.0
642.0
622.0
616.0
613.0
581.0
604.0
603.0
593.0
608.0
558.0
627.0
622.0
600.0
600.0
611.0
624.0
613.0
619.0
607.0
619.0
596.0
595.0
611.0
612.0
590.0
611.0
610.0
611.0
602.0
588.0
609.0
612.0
600.0
606.0
598.0
621.0
612.0
604.0
607.0
612.0
597.0
602.0
612.0
620.0
571.0
585.0
617.0
615.0
623.0
604.0
606.0
610.0
608.0
607.0
593.0
600.0
609.0
616.0
609.0
605.0
824.0
601.0
631.0
598.0
623.0
609.0
617.0
602.0
606.0
610.0
611.0
614.0
602.0
601.0
606.0
602.0
606.0
614.0
596.0
613.0
603.0
613.0
602.0
609.0
580.0
603.0
627.0
612.0
600.0
589.0
601.0
636.0
616.0
595.0
590.0
599.0
606.0
613.0
608.0
617.0
618.0
616.0
611.0
566.0
613.0
615.0
611.0
601.0
609.0
600.0
614.0
580.0
595.0
599.0
600.0
623.0
632.0
649.0
606.0
600.0
606.0
582.0
599.0
596.0
607.0
619.0
604.0
594.0
598.0
606.0
589.0
614.0
600.0
602.0
615.0
598.0
601.0
605.0
638.0
611.0
609.0
617.0
615.0
609.0
624.0
616.0
604.0
607.0
612.0
610.0
605.0
610.0
591.0
639.0
601.0
605.0
621.0
625.0
607.0
603.0
608.0
571.0
588.0
619.0
643.0
624.0
610.0
607.0
624.0
612.0
615.0
602.0
606.0
605.0
603.0
609.0
610.0
616.0
618.0
599.0
598.0
609.0
603.0
597.0
598.0
607.0
615.0
639.0
615.0
629.0
609.0
596.0
620.0
614.0
564.0
585.0
600.0
615.0
609.0
616.0
603.0
596.0
607.0
597.0
597.0
605.0
599.0
598.0
610.0
607.0
611.0
615.0
611.0
595.0
609.0
610.0
605.0
601.0
617.0
607.0
613.0
607.0
600.0
590.0
611.0
590.0
607.0
623.0
607.0
614.0
594.0
610.0
626.0
622.0
598.0
630.0
615.0
605.0
713.0
589.0
617.0
611.0
619.0
608.0
619.0
606.0
594.0
608.0
616.0
611.0
621.0
603.0
618.0
601.0
609.0
619.0
618.0
607.0
609.0
604.0
617.0
622.0
607.0
604.0
612.0
605.0
614.0
615.0
574.0
606.0
609.0
607.0
611.0
597.0
605.0
612.0
601.0
616.0
611.0
611.0
605.0
614.0
620.0
607.0
611.0
614.0
612.0
601.0
760.0
601.0
604.0
607.0
606.0
634.0
606.0
615.0
606.0
603.0
618.0
607.0
628.0
601.0
612.0
612.0
618.0
609.0
604.0
602.0
588.0
604.0
606.0
603.0
587.0
616.0
613.0
610.0
594.0
613.0
620.0
601.0
608.0
615.0
612.0
610.0
610.0
628.0
617.0
602.0
607.0
611.0
607.0
625.0
606.0
606.0
618.0
597.0
588.0
602.0
592.0
616.0
603.0
594.0
624.0
607.0
623.0
608.0
597.0
611.0
609.0
602.0
586.0
570.0
622.0
612.0
595.0
624.0
607.0
601.0
602.0
601.0
604.0
612.0
601.0
604.0
602.0
609.0
612.0
623.0
613.0
618.0
618.0
610.0
592.0
604.0
613.0
622.0
615.0
629.0
611.0
576.0
601.0
619.0
610.0
611.0
581.0
609.0
595.0
606.0
596.0
612.0
600.0
598.0
593.0
615.0
601.0
622.0
610.0
606.0
621.0
612.0
569.0
609.0
598.0
602.0
596.0
604.0
598.0
600.0
614.0
618.0
620.0
609.0
630.0
628.0
610.0
602.0
604.0
608.0
646.0
613.0
643.0
621.0
613.0
585.0
615.0
603.0
604.0
607.0
632.0
608.0
623.0
627.0
607.0
597.0
619.0
617.0
599.0
614.0
611.0
609.0
604.0
605.0
628.0
596.0
619.0
605.0
594.0
613.0
632.0
620.0
605.0
613.0
599.0
596.0
596.0
605.0
615.0
608.0
604.0
615.0
611.0
610.0
613.0
599.0
637.0
603.0
581.0
604.0
601.0
645.0
612.0
602.0
601.0
603.0
609.0
615.0
601.0
604.0
610.0
600.0
629.0
666.0
594.0
589.0
611.0
598.0
594.0
601.0
605.0
603.0
611.0
616.0
608.0
604.0
603.0
641.0
612.0
614.0
608.0
615.0
604.0
613.0
564.0
613.0
599.0
603.0
624.0
599.0
608.0
620.0
603.0
623.0
606.0
601.0
611.0
598.0
606.0
627.0
610.0
598.0
621.0
603.0
601.0
611.0
614.0
605.0
613.0
596.0
600.0
605.0
611.0
605.0
597.0
614.0
608.0
611.0
613.0
605.0
606.0
619.0
607.0
594.0
604.0
605.0
618.0
607.0
599.0
603.0
602.0
602.0
617.0
606.0
640.0
599.0
585.0
587.0
650.0
599.0
612.0
602.0
615.0
619.0
597.0
599.0
622.0
621.0
625.0
603.0
612.0
593.0
628.0
623.0
603.0
617.0
605.0
618.0
596.0
607.0
597.0
597.0
609.0
607.0
595.0
603.0
604.0
591.0
609.0
611.0
610.0
617.0
577.0
608.0
599.0
585.0
610.0
601.0
664.0
620.0
616.0
625.0
625.0
603.0
609.0
609.0
607.0
624.0
609.0
603.0
606.0
573.0
626.0
606.0
608.0
606.0
601.0
600.0
600.0
621.0
626.0
615.0
611.0
605.0
605.0
619.0
601.0
599.0
557.0
590.0
606.0
605.0
577.0
633.0
609.0
600.0
605.0
577.0
630.0
621.0
626.0
604.0
609.0
618.0
579.0
609.0
620.0
614.0
607.0
611.0
602.0
620.0
602.0
610.0
611.0
595.0
622.0
603.0
605.0
626.0
604.0
615.0
614.0
619.0
622.0
609.0
618.0
596.0
598.0
854.0
604.0
608.0
615.0
607.0
606.0
602.0
622.0
603.0
619.0
603.0
613.0
614.0
565.0
617.0
608.0
619.0
591.0
615.0
622.0
602.0
604.0
607.0
607.0
624.0
606.0
605.0
605.0
609.0
600.0
610.0
608.0
589.0
607.0
600.0
610.0
635.0
598.0
597.0
636.0
630.0
623.0
621.0
604.0
610.0
608.0
595.0
614.0
617.0
597.0
602.0
597.0
619.0
594.0
601.0
598.0
614.0
602.0
612.0
607.0
608.0
609.0
611.0
608.0
618.0
638.0
624.0
601.0
612.0
612.0
618.0
616.0
612.0
617.0
615.0
608.0
606.0
599.0
617.0
608.0
589.0
600.0
602.0
607.0
599.0
608.0
600.0
587.0
600.0
605.0
611.0
604.0
607.0
612.0
593.0
616.0
642.0
616.0
612.0
595.0
597.0
619.0
588.0
606.0
631.0
620.0
592.0
600.0
585.0
600.0
601.0
613.0
602.0
610.0
609.0
614.0
633.0
619.0
599.0
615.0
617.0
613.0
562.0
606.0
608.0
613.0
589.0
612.0
612.0
568.0
609.0
578.0
592.0
591.0
628.0
612.0
622.0
611.0
600.0
604.0
605.0
572.0
627.0
605.0
620.0
600.0
605.0
606.0
598.0
628.0
623.0
614.0
624.0
609.0
605.0
592.0
601.0
609.0
610.0
605.0
605.0
619.0
621.0
614.0
566.0
607.0
614.0
606.0
628.0
597.0
617.0
568.0
627.0
624.0
609.0
