af2391803d1bdb975e74e9551a7a410e13ec6d09d491ab81b255033b5c2aa1b9
#
8940.975999999999
9556.734
9564.535
9570.971
8630.718
9594.103000000001
9516.866
9536.126
#
4584.952
4478.313
3691.6440000000002
4499.094
3663.4410000000003
4473.561
3669.46
3668.505
#
1431.38
1651.3899999999999
1648.437
1654.084
1636.161
2241.5750000000003
1692.765
1657.157
#
1332.157
925.92
1455.531
1418.42
927.252
1441.1119999999999
1450.323
924.7330000000001
#
1154.5049999999999
821.14
806.661
1152.369
831.364
807.937
1089.812
934.1239999999999
#
1036.3400000000001
804.627
1502.041
1508.3329999999999
1237.788
1204.435
1349.75
1146.3980000000001
#
1148.501
1154.012
1150.787
1295.962
1219.384
1256.301
1288.43
1260.021
#
946.373
781.72
759.3720000000001
1155.0020000000002
749.66
1323.0310000000002
714.6179999999999
729.441
#
696.569
1146.16
750.2529999999999
684.206
697.408
673.717
673.624
1084.0749999999998
#
778.88
707.8950000000001
688.859
679.5409999999999
681.227
830.234
710.876
683.846
#
675.501
684.925
701.5630000000001
694.956
679.238
675.6990000000001
675.644
672.337
#
709.139
760.839
690.159
683.5179999999999
683.965
738.116
712.742
683.446
#
675.535
668.491
713.011
776.806
700.374
766.231
664.782
672.8629999999999
#
398.28799999999995
456.30199999999996
408.92400000000004
396.75500000000005
401.27000000000004
390.62
390.887
406.289
#
433.86400000000003
398.529
410.574
389.638
387.96500000000003
387.628
396.65299999999996
393.05400000000003
