771dd9bf5a7b1490244de51f61414d10fa38fd2a038b4c5227f05e2c6575f73a
#
12.609
12.944
13.57
13.566999999999998
14.057
11.613999999999999
10.182
11.264
#
10.644
10.706999999999999
12.709
10.218
12.328000000000001
9.977
12.328999999999999
11.443
#
9.529
11.49
12.69
9.974
12.517999999999999
12.149999999999999
12.078
12.254
#
11.998999999999999
12.302
11.543
10.815
12.520999999999999
10.719
12.95
10.962
#
10.712
10.290000000000001
10.049000000000001
10.844
10.432
9.669
11.415
12.219000000000001
#
13.764999999999999
11.055
9.987
10.997
13.391
11.789000000000001
10.512
11.407
#
13.321
11.110999999999999
11.254999999999999
10.687999999999999
11.665999999999999
11.753
9.104
10.122000000000002
#
8.895999999999999
8.785
9.402000000000001
11.045
9.728
11.389
11.405
9.997
#
11.761000000000001
9.857
9.865
9.466000000000001
9.658999999999999
8.956000000000001
11.636000000000001
11.176
#
10.386
10.479000000000001
9.753
9.684
9.622
9.519
9.833
11.063
#
9.889
8.279
9.285
9.063999999999998
11.103
8.91
9.303
10.072
#
8.915
10.448
10.173
9.190999999999999
8.524000000000001
8.715
9.377999999999998
9.834000000000001
#
9.5
12.077
9.334
8.962
11.436
9.267
9.854
9.842
#
7.188
8.094000000000001
8.316
9.714
8.175
8.186
7.273
7.872000000000001
#
8.125
7.837000000000001
8.002
7.719
7.5360000000000005
8.517
7.186
7.967999999999999
