c9f283ec34adb8a019a76f9ecc729017a004dff95a7e8093539ff9626d68d070
#
12.586
20.070999999999998
15.706999999999999
12.173
16.357
11.355
11.865
10.924
#
10.425
10.045
11.699
13.894
12.534
10.887
10.547
10.459
#
12.671999999999999
11.126000000000001
14.404
10.72
11.322000000000001
13.908999999999999
11.272
14.139000000000001
#
13.183
11.183
10.811
10.123999999999999
10.194999999999999
14.587
9.76
11.941
#
12.737
10.425
11.852
11.73
14.499
12.347
11.866
11.261000000000001
#
11.29
10.274000000000001
11.519
11.408
12.032
12.119
11.752
12.819
#
12.241999999999999
11.957
10.574
10.326
11.07
9.57
10.489999999999998
9.863999999999999
#
9.17
9.878
9.466000000000001
11.171999999999999
8.777
8.935
9.03
9.85
#
8.91
10.311
9.896
11.306000000000001
10.392
11.028
9.351999999999999
11.261999999999999
#
9.807
11.181999999999999
10.238000000000001
13.053
9.754999999999999
9.176
9.948
11.564
#
9.626
9.594
10.27
10.755
11.778
11.781
10.298
9.671000000000001
#
10.622
10.821000000000002
11.072000000000001
9.594
10.033
10.768
10.094000000000001
11.136999999999999
#
11.431000000000001
9.095
9.583
9.877
12.092
12.391
13.475000000000001
9.144
#
9.196
8.334
8.413
8.175
9.401
8.584
9.806000000000001
8.741
#
8.919
8.534
9.119
7.842999999999999
8.994
9.631
9.386999999999999
9.641
