9acc0e0c8b1b275f82f31d880e9260086064a1625fb0dfadf2df601240b5bfaf
#
31.93
32.604
36.028999999999996
34.924
33.702000000000005
33.984
35.65
34.861999999999995
#
35.129
33.652
35.342999999999996
33.979
33.982
31.822000000000003
35.333999999999996
34.402
#
33.827999999999996
33.448
31.064999999999998
32.798
34.931
33.901
33.275
36.08
#
34.050999999999995
36.871
33.033
34.876
35.183
32.771
37.201
31.416
#
35.281
35.437999999999995
35.135
34.331
35.075
35.70099999999999
34.24
36.742999999999995
#
33.645
33.432
34.105000000000004
33.074
35.583999999999996
35.257
34.515
34.704
#
33.730999999999995
33.980999999999995
33.534
32.824
36.372
33.063
32.586999999999996
35.67
#
33.168000000000006
34.196
35.866
36.720000000000006
37.418
33.716
40.751999999999995
34.997
#
37.618
33.461
33.389
36.485
34.227000000000004
37.31
38.863
36.644000000000005
#
35.333000000000006
34.347
34.275
36.263999999999996
35.371
33.52
34.15
37.443999999999996
#
35.044
34.214
33.004
35.166999999999994
36.452999999999996
31.788999999999998
34.678
36.751
#
39.768
34.039
34.768
34.324
36.267
35.492999999999995
31.954000000000004
34.87
#
32.364
38.085
33.758
35.626
37.346
34.437000000000005
35.393
35.132
#
34.192
35.158
36.933
38.894
38.458
34.608
33.751000000000005
31.698999999999998
#
32.099999999999994
36.379000000000005
37.292
34.651
35.451
40.264
31.807000000000002
38.246
