97e18f41af7e295dce8fe113dc287b1badedf1612eb436dbd9255edc8e5b7d7e
#
3.149
2.999
2.87
2.828
2.621
2.3930000000000002
2.52
2.572
#
2.958
2.6229999999999998
2.5100000000000002
3.002
3.021
2.6940000000000004
3.3310000000000004
2.557
#
2.843
2.7239999999999998
3.298
3.31
2.8310000000000004
3.0869999999999997
2.685
3.333
#
3.044
2.54
3.232
2.536
2.906
2.8960000000000004
2.7
2.534
#
2.885
3.043
2.443
2.5
2.696
2.817
2.4459999999999997
3.194
#
3.382
2.718
3.494
3.447
3.144
2.612
3.042
2.3930000000000002
#
3.112
3.0149999999999997
2.859
3.146
2.7560000000000002
3.052
3.504
2.697
#
2.9589999999999996
2.9250000000000003
2.5300000000000002
3.043
2.6740000000000004
2.4459999999999997
2.57
2.608
#
2.7009999999999996
2.712
2.569
3.4610000000000003
2.686
2.7889999999999997
2.751
2.842
#
2.9229999999999996
2.417
2.613
2.783
2.807
2.7230000000000003
2.625
2.877
#
2.9290000000000003
2.899
2.395
2.781
2.382
2.886
2.5149999999999997
2.673
#
2.469
2.57
2.512
2.509
2.398
2.388
3.312
3.025
#
2.9619999999999997
2.508
2.718
2.699
2.992
2.433
2.7230000000000003
2.938
#
2.655
2.9250000000000003
2.5869999999999997
2.333
3.0109999999999997
2.418
2.821
2.801
#
2.626
2.655
2.665
2.873
2.5300000000000002
3.303
3.0460000000000003
2.527
