17e07d48793aa0cc9cc85b4264cf0e60d071effe9d4e8ef4f4d9ec2832975dc8
#
341.262
386.48
410.33
402.337
1282.909
371.346
403.125
1305.1870000000001
#
123.89500000000001
122.95
122.37299999999999
123.736
286.796
120.301
120.375
120.198
#
119.897
121.91000000000001
123.71600000000001
124.456
121.006
122.003
123.23299999999999
122.32300000000001
#
124.294
121.914
123.99499999999999
118.06099999999999
119.83000000000001
122.27000000000001
122.932
175.18900000000002
#
134.21800000000002
118.767
120.53999999999999
117.81099999999999
115.951
120.432
119.295
120.96600000000001
#
118.467
117.587
120.91300000000001
118.282
119.062
122.464
119.56899999999999
119.806
#
119.81899999999999
122.06
119.985
117.994
120.62599999999999
118.79299999999999
118.343
121.818
#
100.62400000000001
103.71
100.37
99.37400000000001
105.46
102.063
110.954
99.48899999999999
#
101.40599999999999
99.257
101.49
95.326
107.869
102.147
99.179
101.03399999999999
#
100.471
99.967
99.997
106.567
101.988
100.405
100.831
98.465
#
101.714
100.812
99.443
102.87100000000001
99.71900000000001
101.539
101.275
96.28399999999999
#
100.366
98.459
101.285
100.726
103.81400000000001
99.756
103.617
101.00399999999999
#
103.5
104.249
105.84100000000001
105.976
106.60300000000001
103.256
100.677
100.226
#
74.83800000000001
81.97699999999999
81.70700000000001
85.56400000000001
81.676
198.00699999999998
82.598
76.304
#
79.474
84.635
81.10100000000001
81.474
85.498
90.23599999999999
84.34899999999999
87.507
