aee503a0974ce2b1cc21979c2c7579e612b9fdae04fc56aa89816e5acdfda987
#
2896.42
3356.103
2422.326
3334.774
6352.509
3346.3250000000003
2410.598
3310.546
#
336.63100000000003
1296.748
472.47499999999997
1304.9360000000001
468.03499999999997
1299.8220000000001
1300.995
468.13100000000003
#
308.64300000000003
305.77
300.66700000000003
314.319
319.771
302.887
303.184
301.71999999999997
#
304.082
304.829
306.599
319.527
304.846
304.163
310.728
319.681
#
308.732
318.363
307.894
312.894
306.61
309.79200000000003
306.62
302.316
#
308.84499999999997
307.123
305.131
305.57
320.49699999999996
302.329
303.786
305.14799999999997
#
304.527
303.136
306.17100000000005
302.305
302.187
305.21799999999996
303.951
315.598
#
272.19599999999997
262.748
265.766
262.667
265.444
265.544
267.15299999999996
295.798
#
260.55400000000003
263.969
267.907
269.386
265.229
265.644
266.529
270.385
#
268.22499999999997
260.872
273.435
303.732
323.40799999999996
319.03
267.434
262.532
#
262.335
274.81899999999996
263.19399999999996
259.336
265.232
267.081
263.17400000000004
259.76300000000003
#
272.353
264.832
265.697
261.615
271.154
265.23400000000004
261.75
267.466
#
264.701
276.173
264.438
263.989
263.551
265.729
264.324
271.564
#
175.60600000000002
207.46
205.30499999999998
192.676
201.27900000000002
216.857
175.49200000000002
195.155
#
196.992
179.988
190.801
191.62
187.969
187.999
190.45999999999998
174.953
