38faa9326eaff84e3d5fcb33178b1b70872b35c058e8f755d432467c632cffd1
#
2978.072
3825.618
4798.47
5743.157
4761.61
4805.536
2861.4700000000003
4723.555
#
1682.393
1745.2700000000002
1898.007
1774.664
1889.232
2714.443
1764.721
1878.2160000000001
#
608.014
750.42
792.078
860.4540000000001
719.0450000000001
357.024
1266.9189999999999
836.792
#
440.561
449.549
714.853
642.334
794.329
769.1569999999999
631.741
397.386
#
423.30400000000003
459.28400000000005
453.918
446.277
572.681
325.13
464.707
576.557
#
468.493
319.13000000000005
445.67600000000004
453.029
456.05400000000003
452.86199999999997
453.266
332.08500000000004
#
376.656
453.652
465.221
339.264
348.488
449.579
480.96
334.92499999999995
#
337.815
344.82800000000003
562.6940000000001
349.08099999999996
352.223
290.772
328.816
348.669
#
318.289
283.50199999999995
306.369
337.32800000000003
344.074
294.20099999999996
332.969
369.004
#
288.661
325.17
339.281
282.66799999999995
281.80100000000004
341.88800000000003
346.609
291.25600000000003
#
325.644
294.662
343.251
336.187
341.108
288.875
334.264
314.029
#
295.174
308.614
327.505
311.409
387.007
366.315
333.294
344.634
#
332.69599999999997
348.50100000000003
325.04
328.706
336.621
283.281
330.55899999999997
333.335
#
212.107
229.596
194.299
208.871
183.975
193.366
209.04
199.039
#
177.009
194.866
184.60199999999998
213.47299999999998
185.912
181.40800000000002
211.393
169.637
