ssd
ssd
WARNING: Your kernel does not support swap limit capabilities or the cgroup is not mounted. Memory limited without swap.
94730c596a9ac9c304c17993efcfc3becf7ade79fc3dfb7b1f20049a2164b46f
#
1269.1870000000001
2321.708
2322.9030000000002
2307.147
2300.116
2276.876
2320.603
2319.958
#
283.248
1226.054
373.625
406.461
1199.727
445.598
382.707
1230.629
#
281.04
286.68
289.368
289.555
271.205
285.84
260.434
284.281
#
273.45799999999997
294.755
286.86699999999996
282.863
283.636
283.646
282.046
289.51
#
277.962
284.205
284.696
276.04699999999997
263.398
283.521
280.103
299.269
#
281.22700000000003
275.895
288.485
288.39599999999996
276.962
272.779
286.065
278.434
#
262.344
283.07
328.88
270.704
280.549
257.45
265.474
281.04699999999997
#
213.064
219.236
228.83800000000002
217.842
225.525
223.64700000000002
221.20999999999998
227.238
#
220.715
227.412
227.655
220.496
214.49099999999999
220.85299999999998
221.03400000000002
225.302
#
221.50900000000001
219.987
220.025
218.601
218.20700000000002
208.783
216.37400000000002
221.203
#
213.95
221.781
218.26000000000002
213.003
221.87699999999998
213.457
219.404
222.433
#
216.65599999999998
216.447
219.722
220.899
228.44500000000002
226.072
233.53199999999998
218.875
#
218.90200000000002
219.00300000000001
220.162
218.39000000000001
223.633
217.976
221.615
218.869
#
156.866
162.028
167.78199999999998
174.38400000000001
178.882
172.80300000000003
171.38
172.857
#
175.234
165.689
167.578
171.869
168.91500000000002
170.153
174.364
173.676