56b306b576cf42ad689d0a7046509872e99a404ecfc27e229dbe90accbc29529
#
6.746
5.5649999999999995
5.803
7.707999999999999
7.644
5.811
7.590000000000001
6.995
#
7.460999999999999
5.553
5.675000000000001
6.242
6.1739999999999995
6.521
6.223
5.923
#
7.065
6.3740000000000006
5.151
7.239
6.1419999999999995
6.194
6.351
5.581
#
6.106
7.096
5.481
6.577
8.408999999999999
6.498
6.717
6.099
#
7.884
5.819999999999999
6.218999999999999
5.817
6.813
5.979
6.617999999999999
5.98
#
6.8389999999999995
6.841
5.197
5.684
7.021
6.265
4.772
6.861
#
7.058
6.543
7.3870000000000005
6.7299999999999995
7.039
6.771
5.3420000000000005
6.486
#
5.776
6.099
4.872
5.01
4.796
4.727
5.729
5.928
#
5.173
5.984
5.0889999999999995
6.159000000000001
5.675000000000001
6.347
5.919
5.221
#
6.225
5.088
5.626
5.75
5.773000000000001
6.072
6.276000000000001
4.84
#
6.656
5.136
5.11
5.061000000000001
6.442
5.065
6.4
4.823
#
5.931
5.373
4.97
4.978
5.952
5.061000000000001
5.186999999999999
5.4559999999999995
#
5.385
4.681
4.9750000000000005
6.201
5.4079999999999995
4.8549999999999995
5.617
5.4559999999999995
#
4.915
4.141
4.904999999999999
4.67
3.798
5.037
5.4559999999999995
4.460999999999999
#
4.457
4.58
4.273
5.9030000000000005
4.201
3.8249999999999997
3.66
4.073
