717826fdf8ad6f61713468a2dc70077f845dfead48d55c1122e60db270711226
#
27.698
25.564
30.372
29.386
24.847
28.386000000000003
31.479
28.793
#
31.652
31.066
31.281000000000002
32.75
32.463
29.476
28.108
29.519
#
32.353
30.57
28.677
27.171
29.027
31.151000000000003
28.833000000000002
30.055
#
28.043
31.178
31.705
27.255000000000003
26.393
36.034
32.238
30.088
#
28.967
28.03
27.362000000000002
30.787
25.916999999999998
28.607
31.697999999999997
27.677
#
31.503999999999998
34.44
33.128
28.513
39.870999999999995
29.226
28.483999999999998
27.532999999999998
#
27.202
26.664
27.126
25.561
27.445
25.174
29.468
31.519
#
24.011000000000003
23.989
22.588
23.515
26.031
25.931
25.958
28.354
#
22.651
19.923
22.441
42.257999999999996
24.913999999999998
24.003
26.608
25.566
#
23.581
25.028000000000002
25.814
25.351
24.749
24.934
25.229000000000003
23.939
#
25.714000000000002
24.930999999999997
22.231
23.673
24.305
24.857
25.538
23.841
#
25.057
24.818
23.809
24.226999999999997
27.752
23.855999999999998
22.517
23.618
#
24.258
22.521
24.91
21.383
24.243000000000002
25.492
24.636000000000003
23.932
#
20.82
22.41
22.115
23.689
24.923000000000002
22.986
22.346
23.657
#
21.284999999999997
22.908
20.422
21.024
21.61
23.308
22.247
19.407
