ssd 2 10 1 140.43
ssd 2 10 2 189.57
ssd 2 10 4 296.54
ssd 2 10 8 9999
ssd 2 10 16 9999
ssd 2 20 1 128.87
ssd 2 20 2 180.13
ssd 2 20 4 292.61
ssd 2 20 8 9999
ssd 2 20 16 9999
ssd 2 30 1 133.43
ssd 2 30 2 174.23
ssd 2 30 4 276.09
ssd 2 30 8 9999
ssd 2 30 16 9999
ssd 2 40 1 125.90
ssd 2 40 2 175.32
ssd 2 40 4 275.80
ssd 2 40 8 9999
ssd 2 40 16 9999
ssd 2 50 1 130.90
ssd 2 50 2 172.98
ssd 2 50 4 268.79
ssd 2 50 8 9999
ssd 2 50 16 9999
ssd 4 10 1 144.97
ssd 4 10 2 173.77
ssd 4 10 4 262.02
ssd 4 10 8 442.24
ssd 4 10 16 9999
ssd 4 20 1 141.03
ssd 4 20 2 158.45
ssd 4 20 4 248.51
ssd 4 20 8 407.33
ssd 4 20 16 9999
ssd 4 30 1 141.67
ssd 4 30 2 162.75
ssd 4 30 4 241.20
ssd 4 30 8 400.66
ssd 4 30 16 9999
ssd 4 40 1 138.70
ssd 4 40 2 163.03
ssd 4 40 4 239.27
ssd 4 40 8 405.19
ssd 4 40 16 9999
ssd 4 50 1 138.63
ssd 4 50 2 156.95
ssd 4 50 4 239.52
ssd 4 50 8 394.18
ssd 4 50 16 9999
ssd 8 10 1 156.57