62.0
62.0
62.0
62.0
62.0
0.0
0.0
0.0
0.0
0.0
0.0
0.0
0.0
0.0
0.0
0.0
0.0
0.0
0.0
0.0
0.0
0.0
0.0
0.0
0.0
0.0
0.0
0.0
0.0
0.0
0.0
0.0
0.0
0.0
0.0
0.0
0.0
0.0
0.0
0.0
0.0
0.0
0.0
0.0
0.0
0.0
0.0
0.0
0.0
0.0
0.0
0.0
0.0
0.0
0.0
0.0
0.0
0.0
0.0
0.0
0.0
0.0
0.0
0.0
0.0
0.0
0.0
0.0
0.0
0.0
0.0
0.0
0.0
0.0
0.0
0.0
0.0
0.0
0.0
0.0
0.0
0.0
0.0
0.0
0.0
0.0
0.0
0.0
0.0
0.0
0.0
0.0
0.0
0.0
0.0
0.0
0.0
0.0
0.0
0.0
0.0
745.5
306.14
73.33
71.67
132.0
119.2
138.5
144.25
71.2
68.5
0.0
0.0
0.0
0.0
0.0
0.0
0.0
0.0
0.0
0.0
0.0
0.0
0.0
0.0
0.0
839.0
87.5
119.0
86.0
89.5
64.17
183.33
67.0
67.4
67.4
67.4
67.4
0.0
147.0
63.25
64.0
63.0
78.25
67.25
67.25
67.25
67.25
67.25
67.25
67.25
91.5
91.0
89.0
94.5
83.5
84.0
68.5
64.0
63.25
96.5
69.25
62.75
99.75
84.5
84.5
84.5
84.5
84.5
84.5
84.5
97.8
67.0
63.0
63.0
68.33
62.0
61.67
66.67
77.67
77.67
77.67
77.67
77.67
77.67
77.67
77.67
77.67
77.67
77.67
77.67
77.67
77.67
77.67
77.67
77.67
72.5
60.75
104.75
62.5
62.5
139.2
66.4
67.4
70.4
87.2
83.0
98.0
96.0
96.5
96.0
97.0
130.5
96.5
96.5
98.5
96.5
96.5
96.5
104.5
112.0
112.0
112.0
112.0
112.0
112.0
112.0
71.67
93.33
69.5
72.17
66.4
66.1
67.4
66.0
88.4
71.08
70.07
73.0
71.46
67.77
95.0
64.29
63.14
69.43
67.0
62.0
99.14
66.0
63.14
64.4
120.22
66.7
96.8
96.5
66.65
85.06
64.71
69.33
64.94
63.38
69.38
73.69
64.46
67.54
61.8
61.8
91.4
64.6
61.2
66.67
61.67
61.33
65.33
81.67
67.5
61.5
62.0
61.25
68.5
62.0
61.4
62.4
127.0
61.2
62.75
68.75
61.5
64.5
63.75
63.75
63.75
63.75
63.75
63.75
63.75
63.75
63.75
63.75
63.75
63.75
63.75
63.75
63.75
63.75
63.75
70.0
62.8
74.6
73.0
111.4
95.0
94.0
93.0
94.0
151.0
94.0
115.0
94.0
93.0
94.0
94.0
94.0
94.0
94.0
94.0
94.0
94.0
94.0
94.0
94.0
94.0
94.0
94.0
94.0
94.0
94.0
94.0
94.0
94.0
94.0
94.0
94.0
94.0
94.0
94.0
72.6
63.2
64.6
64.2
63.2
70.2
67.6
106.2
68.8
71.2
63.78
63.22
64.0
63.0
67.0
78.92
89.06
69.93
86.81
78.08
97.2
72.38
67.23
72.54
71.38
107.45
71.29
103.8
67.48
73.37
115.26
69.95
68.19
101.76
72.62
73.0
69.96
68.43
68.65
66.52
88.38
69.86
66.43
72.81
73.62
67.06
63.47
67.2
67.67
79.07
66.65
67.81
66.88
64.82
70.44
76.17
75.16
73.89
73.89
72.42
70.19
71.2
73.57
69.73
79.93
82.33
71.5
99.0
68.35
67.56
69.77
69.75
99.91
76.15
73.5
68.0
72.23
74.15
68.31
73.77
63.8
76.0
75.75
72.67
64.93
140.11
106.16
79.83
103.12
65.59
92.24
67.81
67.71
70.57
65.48
63.73
87.77
63.5
67.95
65.41
63.35
63.09
68.17
88.45
80.5
61.43
59.71
62.62
95.1
59.76
74.95
61.05
71.59
66.77
60.05
71.06
66.8
72.38
75.06
74.18
69.23
65.19
72.69
74.78
64.92
66.87
78.32
67.67
69.0
66.98
65.61
65.65
68.49
67.59
83.79
79.82
61.05
58.55
65.79
62.0
63.41
62.66
69.44
72.23
64.05
87.26
84.62
83.92
94.78
64.61
75.08
74.75
65.25
72.51
70.78
77.32
65.94
63.65
68.76
62.91
60.92
74.4
65.38
69.0
69.5
64.32
64.71
81.85
61.62
61.76
58.68
73.83
66.78
61.19
63.68
60.23
63.55
64.05
61.95
61.14
72.61
62.87
62.22
71.83
77.65
67.02
61.71
78.88
63.0
67.71
67.36
66.04
66.18
78.18
66.25
67.75
64.44
64.57
66.33
70.04
63.79
63.61
66.67
61.58
70.18
94.63
78.26
86.44
75.82
68.59
68.24
76.58
68.36
63.55
66.91
73.44
69.15
68.1
73.3
70.0
66.98
68.5
82.21
72.38
74.98
64.26
74.76
65.98
74.67
70.93
62.75
69.38
72.47
63.94
69.51
69.61
59.44
63.28
65.03
73.44
63.95
67.59
65.38
72.44
66.97
59.56
62.51
92.98
57.48
64.19
61.51
62.28
73.41
69.3
67.92
68.55
70.73
70.85
69.48
64.0
60.97
64.51
63.51
77.42
86.79
65.03
94.16
67.85
84.92
66.24
66.25
71.09
75.74
62.96
64.7
63.25
71.3
70.94
73.07
79.51
76.32
67.78
68.1
71.69
75.0
75.74
79.76
66.64
77.82
71.02
68.46
89.72
70.95
72.11
70.38
63.23
63.2
69.45
65.91
81.32
64.77
72.05
70.21
67.91
60.72
75.57
73.76
67.1
78.24
66.78
73.02
64.7
65.17
66.4
65.8
70.5
64.38
65.4
63.1
63.07
63.11
76.88
79.94
88.74
79.05
75.37
84.85
79.55
76.5
64.0
69.31
65.24
64.87
74.88
68.42
71.69
63.67
71.72
67.24
68.56
76.74
78.72
81.69
60.29
67.58
61.47
64.0
60.53
58.12
91.7
69.09
61.38
71.27
74.27
75.92
67.57
84.05
86.24
67.57
77.65
69.78
65.96
72.17
75.57
96.55
63.88
69.78
62.73
64.09
65.46
64.24
78.18
65.66
68.54
69.6
66.65
66.35
65.43
68.57
83.39
77.29
73.46
70.71
71.75
120.14
81.47
94.07
73.17
71.31
78.62
74.18
65.74
67.74
70.72
71.07
62.88
74.19
63.21
64.85
77.0
70.84
69.71
65.04
70.33
62.14
62.19
63.67
78.71
66.0
62.48
61.08
67.61
63.24
75.5
73.1
74.18
60.63
66.53
66.59
60.05
58.79
62.0
65.03
61.45
62.03
65.82
65.55
76.23
81.68
70.4
64.35
69.0
63.13
71.48
73.67
67.14
68.81
85.14
67.9
67.96
68.77
94.96
63.85
66.15
67.52
97.46
94.68
64.75
92.29
76.5
61.79
62.0
64.76
61.76
76.69
65.86
63.0
80.86
64.07
61.9
63.3
65.6
70.5
70.2
60.8
59.73
65.53
60.67
73.47
69.6
65.53
71.53
76.86
68.63
78.5
73.0
62.05
64.57
73.29
72.86
63.43
83.05
76.23
82.0
62.0
63.75
81.43
67.45
64.9
60.88
68.29
78.88
65.87
64.13
72.08
62.64
64.77
66.15
59.62
64.29
72.82
63.59
71.6
107.78
84.18
88.25
83.0
69.25
80.5
79.69
64.23
74.08
69.31
62.69
64.0
66.0
80.0
71.88
77.75
68.0
71.0
69.0
69.0
78.6
71.5
96.75
77.5
74.0
68.75
68.75
68.75
68.75
68.75
68.75
68.75
105.0
104.0
103.0
103.0
105.0
103.0
104.0
102.0
104.0
106.0
101.5
102.5
102.0
108.5
108.5
108.5
108.5
108.5
108.5
108.5
108.5
108.5
108.5
108.5
108.5
108.5
108.5
108.5
108.5
176.8
70.0
69.5
102.0
67.6
113.0
95.0
93.5
92.5
92.5
92.5
92.5
92.5
92.5
92.5
92.5
92.5
92.5
92.5
92.5
72.4
65.2
64.6
64.0
68.2
84.11
71.44
77.78
71.78
98.56
68.73
83.53
64.21
68.5
68.8
74.5
66.93
63.38
71.38
71.71
61.19
57.06
71.06
64.88
56.81
56.81
56.81
56.81
56.81
56.81
56.81
56.81
56.81
56.81
56.81
56.81
56.81
56.81
56.81
56.81
56.81
56.81
56.81
56.81
56.81
56.81
56.81
56.81
56.81
56.81
56.81
56.81
56.81
56.81
56.81
56.81
56.81
56.81
56.81
56.81
56.81
56.81
56.81
56.81
56.81
56.81
56.81
56.81
56.81
56.81
56.81
56.81
56.81
56.81
56.81
56.81
56.81
56.81
56.81
56.81
56.81
56.81
56.81
56.81
56.81
56.81
56.81
56.81
56.81
56.81
56.81
56.81
56.81
56.81
56.81
56.81
56.81
56.81
56.81
56.81
244.0
93.5
168.0
90.5
89.0
121.33
63.33
62.22
66.44
72.89
100.46
67.38
94.23
67.08
69.15
64.29
61.86
81.71
93.43
64.79
60.42
59.25
65.5
59.5
78.17
60.46
59.54
60.46
59.38
65.77
61.2
85.0
62.8
71.4
81.8
62.6
61.44
67.45
64.9
63.1
61.22
96.44
67.11
69.78
69.44
66.75
70.88
71.13
100.63
94.63
63.29
61.86
61.29
60.71
62.57
61.43
63.43
105.86
67.57
68.14
94.43
97.89
71.86
129.0
68.5
71.0
118.0
102.0
102.0
104.0
75.25
67.75
120.25
114.25
65.0
77.5
89.0
93.0
101.0
89.5
109.0
66.4
61.2
61.2
66.0
76.5
90.0
88.5
131.5
89.0
92.5
89.0
89.0
88.5
88.0
88.0
117.5
89.0
89.0
91.5
89.0
90.0
90.0
88.0
250.0
90.5
88.0
89.0
110.0
90.5
88.5
87.5
166.0
96.0
94.0
94.0
94.0
94.0
94.0
94.0
94.0
69.75
117.67
73.8
164.4
59.6
99.6
67.8
87.2
65.2
65.2
65.2
65.2
65.2
65.2
65.2
65.2
65.2
65.2
65.2
65.2
65.2
65.2
65.2
65.2
66.0
124.5
66.83
69.83
98.17
59.67
60.83
59.0
60.17
62.0
86.67
67.33
84.11
68.56
61.67
64.31
73.21
64.11
63.78
73.84
79.81
62.41
61.55
65.32
62.0
61.38
75.76
62.57
80.44
61.56
69.9
60.19
71.72
66.84
80.46
96.78
73.41
67.83
85.79
69.04
60.78
64.77
75.33
70.87
69.0
57.6
59.84
61.17
71.15
71.96
64.73
70.14
75.91
62.18
62.5
91.5
81.6
63.0
67.29
70.06
61.27
63.67
64.67
58.0
76.27
65.8
59.0
63.2
61.1
62.3
59.33
62.33
73.17
65.67
67.83
117.0
98.0
194.5
101.0
107.0
76.0
67.25
67.0
71.0
103.0
68.0
102.0
103.0
101.0
107.0
107.0
107.0
107.0
107.0
107.0
107.0
81.29
67.57
106.0
68.86
80.72
82.54
69.3
71.11
69.37
72.81
62.08
81.45
62.04
67.12
62.04
60.37
69.45
64.14
78.3
56.76
64.45
60.71
60.11
74.52
61.97
61.21
66.25
80.32
72.97
68.39
65.71
68.6
73.65
64.62
66.96
69.23
77.78
65.08
69.2
83.11
63.56
63.74
67.28
71.62
69.7
61.71
71.34
69.71
63.32
67.68
65.43
67.82
63.58
61.75
59.82
67.99
71.24
77.31
72.57
68.51
84.68
74.38
85.28
67.92
67.86
79.88
74.37
64.56
71.38
63.9
65.6
68.92
63.26
73.53
70.68
65.81
64.9
92.75
74.22
63.68
69.02
77.71
65.81
74.48
67.04
66.35
66.54
72.64
72.51
63.18
75.39
64.1
68.53
68.28
68.02
68.04
84.44
75.7
65.98
65.02
64.26
66.28
64.29
66.14
75.49
73.36
63.39
60.81
80.44
61.26
60.35
77.51
63.88
71.4
64.96
70.49
63.65
66.46
66.17
79.52
84.33
82.29
75.93
80.48
64.42
71.92
68.09
62.62
65.96
61.72
62.28
75.45
63.53
71.21
65.63
63.59
64.37
64.98
75.58
66.57
66.34
70.7
65.0
73.11
70.33
74.75
61.7
62.55
68.74
78.03
68.29
63.56
70.45
70.97
64.97
69.65
92.1
62.8
65.48
65.85
62.77
68.99
68.93
64.18
72.68
63.72
65.32
67.15
70.0
62.64
68.75
68.78
66.17
79.57
63.59
62.96
65.69
68.08
78.4
94.72
77.8
71.3
80.95
68.64
63.94
73.1
71.94
66.79
65.49
61.35
63.91
64.31
76.96
62.98
62.51
61.47
74.2
63.86
66.02
84.74
62.03
72.18
65.86
59.82
61.25
64.21
70.88
63.88
67.3
74.53
69.85
64.32
74.17
63.9
62.12
69.76
84.27
62.77
66.69
64.98
71.21
60.71
69.43
73.91
68.75
70.3
69.03
68.21
64.57
65.05
65.25
79.5
71.24
65.43
72.85
70.3
61.5
103.75
66.3
87.85
81.87
88.44
74.17
66.39
77.48
77.0
62.76
64.48
61.1
63.22
62.35
79.43
68.09
67.78
66.78
81.33
68.78
67.17
76.61
62.86
61.23
71.69
78.46
67.46
64.33
83.89
67.89
68.22
66.67
68.13
81.75
73.75
67.63
66.75
72.14
67.71
68.29
112.29
62.29
62.57
64.43
63.43
65.33
95.38
65.55
66.64
65.27
96.44
92.92
63.14
65.43
63.43
65.29
65.14
62.0
92.45
76.0
62.3
66.0
80.53
78.67
80.94
91.56
65.06
64.08
64.0
83.38
62.08
63.15
65.63
74.7
64.55
72.95
80.05
62.11
63.89
61.94
65.89
74.33
61.82
80.6
67.2
64.2
66.2
65.88
63.13
76.38
63.38
90.5
60.7
60.9
66.5
63.3
82.0
61.75
83.45
81.77
92.92
85.25
74.69
71.62
69.85
73.0
76.21
89.43
84.57
79.14
72.29
62.57
61.0
96.0
100.0
92.0
94.0
69.22
67.44
64.56
79.89
98.38
87.42
70.93
121.0
82.0
94.11
64.17
102.5
74.42
85.17
71.25
67.6
66.53
78.27
69.0
61.73
75.13
67.43
66.5
68.64
76.38
90.43
89.86
64.71
66.71
68.0
65.45
67.36
71.55
87.73
93.45
72.69
74.77
77.0
72.38
75.77
77.1
66.83
65.91
78.27
67.09
67.11
67.78
67.11
69.88
86.7
82.0
72.33
66.33
84.0
65.33
65.33
65.33
65.33
65.33
65.33
65.33
65.33
65.33
65.33
65.33
79.14
98.71
102.29
101.29
89.14
65.78
77.88
82.5
73.67
85.33
65.29
67.57
64.71
120.71
76.57
69.43
72.0
101.63
65.71
85.57
66.75
69.0
67.0
102.0
69.75
68.0
67.67
71.0
70.33
67.33
71.2
94.0
69.6
66.8
73.0
75.86
61.43
63.71
62.0
62.86
62.8
129.0
63.8
63.0
70.4
83.0
91.0
90.5
91.5
133.5
133.5
133.5
133.5
133.5
133.5
133.5
120.6
102.6
68.6
65.8
103.44
72.22
63.88
167.1
62.67
85.71
67.71
92.14
62.0
64.86
61.29
60.83
96.75
69.86
82.29
62.0
60.75
62.0
117.25
60.75
61.75
59.75
64.25
61.0
61.0
61.0
61.0
61.0
61.0
61.0
61.0
61.0
61.0
61.0
61.0
61.0
61.0
61.0
61.0
61.0
193.0
88.0
118.0
99.0
97.0
97.0
97.0
97.0
97.0
97.0
97.0
97.0
97.0
97.0
97.0
97.0
97.0
97.0
97.0
97.0
97.0
97.0
97.0
97.0
97.0
97.0
97.0
97.0
97.0
97.0
97.0
97.0
97.0
97.0
97.0
97.0
97.0
97.0
97.0
97.0
97.0
97.0
97.0
97.0
97.0
97.0
97.0
97.0
97.0
97.0
97.0
97.0
97.0
97.0
97.0
97.0
97.0
97.0
97.0
108.0
96.0
98.0
98.0
97.0
72.75
65.75
65.0
83.25
65.5
82.0
102.5
96.0
98.0
96.0
80.69
70.23
65.38
71.62
100.15
60.17
85.58
95.27
70.36
92.86
67.0
71.92
66.92
101.08
108.15
62.88
65.31
80.0
66.0
76.29
69.41
94.45
63.95
64.4
65.85
60.12
67.63
68.87
88.24
68.4
65.84
67.16
68.0
66.47
69.63
88.78
76.75
67.37
68.42
68.53
71.35
66.67
68.94
82.69
90.29
60.27
66.2
71.79
69.8
72.56
74.08
72.46
120.08
66.0
69.0
65.18
64.36
69.3
64.83
63.82
69.75
87.44
67.31
67.07
83.56
124.11
73.57
77.96
91.34
77.36
72.71
79.43
66.14
68.15
70.38
61.86
77.62
68.9
66.81
60.86
77.33
64.06
85.78
75.0
63.42
69.31
66.44
74.87
69.12
75.93
65.07
109.18
71.67
75.57
76.13
68.76
70.67
65.95
76.71
72.52
105.73
65.75
75.74
71.57
89.78
64.31
66.2
60.0
68.87
67.4
86.53
64.67
70.87
67.6
63.15
65.73
88.34
71.0
63.71
73.6
76.28
65.77
70.15
66.32
68.38
89.14
78.52
79.4
74.19
79.29
83.73
82.48
63.15
68.17
66.89
63.9
66.38
72.83
86.42
70.08
66.82
72.63
75.89
73.31
71.54
72.73
64.84
64.33
69.43
80.47
67.39
67.87
86.92
80.97
81.3
70.95
69.92
64.47
71.11
78.94
68.39
72.96
71.18
66.61
71.7
77.87
69.94
74.13
69.88
70.94
62.67
66.94
85.31
70.26
67.23
83.25
69.15
77.83
72.85
77.01
65.89
66.78
64.43
75.36
65.32
76.76
82.61
77.06
95.53
74.16
83.69
76.46
65.31
62.42
74.08
79.66
66.18
70.6
63.77
70.86
88.14
82.21
77.32
79.91
83.22
72.52
66.65
77.66
80.51
79.86
67.6
70.41
70.26
65.32
71.08
68.54
74.0
81.85
67.73
66.34
72.18
69.02
68.02
62.92
78.18
68.68
62.37
65.08
78.5
68.39
63.75
68.43
72.78
69.72
78.04
60.87
68.9
66.85
62.49
76.87
67.22
61.84
75.75
70.63
71.7
80.57
71.98
87.27
65.68
90.45
76.55
59.92
96.94
67.16
84.62
69.64
71.28
66.4
70.91
79.65
77.16
69.24
65.02
70.71
70.18
66.06
77.55
75.5
70.82
66.74
64.97
64.57
79.58
66.93
69.87
86.18
65.36
62.6
66.82
73.14
66.77
68.84
84.2
66.86
59.23
67.42
67.54
62.19
76.42
80.9
63.09
67.3
63.13
66.73
75.86
73.4
70.27
63.77
61.13
68.51
75.16
69.62
63.02
82.39
84.29
79.73
80.62
91.72
82.74
75.52
72.63
71.12
72.17
72.94
68.33
72.85
62.6
69.7
72.98
76.81
60.68
66.89
69.45
65.89
75.83
69.93
68.55
59.33
73.88
74.12
76.43
66.75
64.71
69.78
65.03
68.14
73.3
66.66
65.93
78.75
61.04
64.4
70.48
64.88
72.4
74.57
64.86
67.07
84.0
65.93
73.77
69.62
79.61
59.03
70.32
76.0
62.63
76.39
83.21
68.82
72.06
69.15
67.97
78.85
67.58
94.1
88.35
72.18
94.21
85.07
65.05
69.64
72.63
91.34
75.55
74.78
71.79
66.47
63.32
78.15
68.57
64.77
68.13
81.42
74.58
77.91
69.33
69.09
61.0
73.61
67.77
73.0
66.81
67.15
64.35
64.72
71.95
74.44
69.22
75.0
72.7
62.55
68.85
68.95
69.55
58.4
59.36
84.15
64.8
62.86
79.23
75.46
86.06
69.0
64.13
70.08
64.83
73.69
74.0
64.08
64.57
68.62
67.46
61.77
94.75
95.27
83.0
82.0
69.07
99.5
66.73
71.73
74.4
79.25
85.91
69.6
64.8
72.93
73.79
87.13
60.92
67.69
89.17
67.08
68.71
69.44
68.95
69.26
75.58
84.58
63.22
64.0
67.96
72.48
82.5
62.22
64.67
71.22
75.21
67.17
61.0
69.04
72.23
65.33
65.96
63.65
61.1
61.8
67.1
77.1
69.56
63.41
63.94
67.24
67.81
74.0
64.8
77.43
66.88
70.13
66.8
56.6
61.4
63.87
80.73
65.27
113.31
74.41
101.71
69.73
65.5
61.47
72.93
58.25
64.33
60.69
58.63
64.63
76.56
77.6
66.73
65.93
66.42
78.06
62.21
59.08
100.77
64.23
76.62
70.0
74.5
72.6
90.0
75.8
74.0
67.33
59.0
64.93
72.64
69.2
65.88
79.31
63.63
61.25
62.44
70.45
67.35
63.91
63.05
84.5
66.3
68.04
61.91
65.7
95.26
79.89
89.29
65.75
64.6
70.2
67.32
67.08
99.0
77.48
62.38
97.29
68.26
86.52
90.76
74.17
77.24
72.57
71.14
63.25
69.77
67.32
74.38
70.55
71.2
72.05
61.69
64.87
84.73
66.6
65.6
65.2
64.53
60.71
90.69
83.27
68.48
70.77
76.55
61.64
100.55
70.14
61.57
78.38
80.95
62.62
62.94
81.33
75.63
66.65
78.06
90.94
75.29
70.44
67.81
71.33
69.86
70.29
73.57
88.57
60.85
64.44
62.95
69.59
66.39
75.78
72.85
76.0
82.58
74.5
103.17
72.0
107.0
102.79
70.36
101.23
76.83
80.0
71.0
69.38
65.85
61.6
61.88
106.5
69.3
68.4
61.0
60.63
65.0
68.29
102.11
72.17
69.55
69.67
75.62
63.75
71.31
70.43
70.87
77.64
62.85
87.73
70.0
65.79
68.71
67.36
62.5
65.8
70.2
63.4
69.6
63.83
91.75
74.0
71.33
68.17
65.47
67.21
64.31
75.38
90.82
63.85
69.53
66.08
86.2
80.0
74.1
82.7
60.2
72.8
69.4
122.7
61.1
97.3
64.8
96.9
96.42
70.92
68.92
68.67
62.75
92.12
78.16
75.11
84.76
76.78
70.05
72.81
65.48
69.1
68.14
75.78
72.16
83.57
78.76
62.13
64.56
67.0
97.75
77.94
64.53
62.83
63.83
67.79
69.04
91.46
76.33
62.82
72.92
70.78
62.83
86.95
74.78
74.82
66.86
65.91
67.82
69.42
84.72
71.5
70.28
86.39
67.64
63.74
71.68
79.21
75.31
76.94
72.25
64.47
73.69
110.63
83.12
98.83
64.13
79.91
82.5
71.23
70.58
80.09
68.23
61.31
62.6
70.56
69.28
76.19
70.4
68.44
69.5
83.2
77.45
64.5
63.4
67.0
74.05
66.95
76.0
65.05
87.67
74.65
64.6
61.2
68.76
65.56
78.71
83.73
68.09
76.7
66.68
74.04
77.91
68.47
78.13
71.47
78.76
72.07
63.92
62.83
66.27
63.92
70.25
63.86
93.56
74.5
71.0
70.71
81.79
77.77
61.15
69.23
69.15
104.0
69.1
127.44
77.09
81.6
86.0
64.11
70.71
79.71
63.04
84.6
74.42
68.41
67.31
64.75
103.54
71.35
73.83
64.83
75.72
79.28
83.28
75.72
68.09
62.08
68.07
73.41
66.05
63.43
73.72
63.74
64.56
64.62
70.46
78.72
63.75
74.39
66.43
74.72
61.77
68.02
63.46
64.76
76.51
63.67
62.12
63.46
77.21
65.44
67.95
65.91
75.42
61.71
67.18
67.42
61.78
88.9
76.57
86.41
75.9
102.59
73.46
108.03
77.97
61.84
70.79
76.0
78.09
63.69
78.12
69.11
64.89
94.95
70.48
68.85
68.11
67.25
69.84
79.77
61.96
78.22
70.07
71.54
70.04
68.63
75.19
89.09
86.89
77.28
61.25
61.34
73.08
68.07
62.81
73.4
64.04
63.35
63.02
72.22
84.06
62.57
90.94
76.14
64.94
61.48
66.8
73.58
75.14
68.06
78.3
84.22
65.07
71.16
76.89
61.26
60.27
76.5
71.75
76.94
62.12
84.41
79.88
82.31
81.38
64.25
77.5
67.95
86.2
65.6
81.07
67.96
73.19
68.55
71.61
69.98
67.09
73.96
76.6
80.78
65.02
83.99
69.18
76.45
70.15
68.38
76.62
65.06
70.22
70.58
74.88
77.62
66.53
73.73
69.99
82.25
67.96
63.03
69.84
73.82
67.0
103.24
70.9
64.42
67.03
63.02
62.05
64.75
67.33
68.11
80.97
66.85
60.49
68.13
64.72
66.56
71.18
72.09
64.32
69.57
97.13
74.52
83.87
74.63
72.86
79.45
73.88
64.0
64.07
78.28
70.32
72.4
74.81
71.21
63.08
65.87
70.85
80.19
65.0
69.41
69.61
68.0
68.14
79.6
64.58
60.28
66.35
74.86
70.07
72.81
76.93
68.85
66.97
70.75
65.5
77.78
77.84
72.93
72.04
77.07
69.88
74.32
68.92
79.62
82.56
62.13
58.83
58.04
57.52
71.72
72.08
72.62
63.23
64.69
61.81
66.1
65.0
58.97
68.63
114.85
63.39
77.89
90.25
70.43
75.48
96.17
62.38
72.1
66.57
89.9
64.32
62.81
62.79
83.64
74.65
91.75
61.39
77.11
77.46
70.7
107.0
82.84
64.52
72.87
68.83
64.35
66.6
114.5
65.79
70.33
65.38
62.64
83.8
114.88
62.0
73.47
68.84
69.68
69.79
68.58
73.27
68.4
63.9
61.6
66.6
66.56
61.67
89.67
71.63
90.4
74.0
77.45
68.82
104.18
77.09
71.36
62.54
107.33
68.45
97.23
94.71
58.57
97.0
67.43
93.29
71.78
69.33
60.22
68.33
62.78
62.23
58.46
65.31
63.15
74.85
59.0
58.25
72.88
65.63
68.0
60.43
95.0
65.43
61.29
79.71
60.57
66.0
58.29
85.71
60.0
66.44
67.33
58.11
56.89
60.33
59.56
57.22
103.5
71.2
60.33
57.17
58.5
55.5
58.67
58.0
111.67
58.0
57.6
57.6
59.6
57.0
83.0
166.0
83.0
119.0
119.0
119.0
119.0
119.0
119.0
119.0
119.0
119.0
119.0
119.0
89.0
83.5
82.5
83.0
94.5
65.29
58.57
59.29
64.29
75.29
56.75
56.0
54.5
64.0
97.25
56.6
75.6
59.0
69.4
70.8
57.75
58.88
92.25
57.75
59.0
66.29
68.81
71.13
65.36
79.94
75.25
59.32
74.84
72.36
60.56
70.83
72.61
69.23
85.55
65.38
66.09
68.57
62.04
72.04
90.35
63.96
63.22
63.96
62.83
66.96
80.81
65.48
65.61
72.65
60.33
78.22
79.33
74.19
93.2
65.57
71.86
71.22
67.97
71.72
64.87
68.54
72.21
64.67
76.13
91.79
65.23
67.77
70.29
73.43
73.4
81.96
76.44
68.85
71.5
64.46
83.45
62.54
69.77
79.28
66.79
65.31
69.11
62.85
70.2
73.5
65.76
75.8
69.12
72.92
80.42
63.57
66.96
60.65
78.7
66.35
60.14
62.05
97.1
61.62
67.05
71.52
62.0
82.57
64.57
61.81
64.81
70.67
62.8
69.93
111.33
113.58
68.8
109.45
81.37
71.43
91.41
67.69
72.88
65.88
62.88
81.0
65.14
65.33
74.43
68.67
63.08
86.08
67.68
64.36
73.16
60.29
66.14
64.57
78.48
67.57
60.46
61.39
72.14
64.54
64.96
62.63
82.87
63.71
67.24
61.15
75.1
75.5
62.85
77.7
65.05
62.33
69.11
69.41
81.89
65.39
71.29
84.06
64.88
69.0
91.59
68.0
66.86
67.14
62.86
75.93
64.32
62.28
72.16
65.47
87.56
93.9
88.37
84.37
87.4
86.0
83.25
66.94
67.63
80.5
62.13
63.94
102.35
63.82
74.94
68.06
63.0
69.15
69.38
67.92
87.5
64.25
63.08
74.75
74.92
78.27
85.44
75.5
63.25
67.75
68.38
63.14
66.71
73.0
61.86
66.29
95.5
64.5
71.13
62.0
65.13
78.56
61.56
65.22
99.67
59.11
59.71
61.57
58.71
91.86
60.31
75.63
67.6
63.33
74.79
71.38
64.0
65.86
77.29
87.43
64.93
95.54
81.0
93.43
92.29
61.79
95.42
66.72
86.57
67.9
62.4
67.0
65.36
303.52
80.35
66.74
64.07
88.31
73.54
78.0
63.46
69.5
75.0
73.14
84.73
72.93
65.39
72.32
72.21
64.74
68.42
91.95
68.67
63.26
63.57
68.0
68.9
68.1
76.24
98.0
67.0
61.22
60.7
73.0
68.26
66.52
60.89
61.95
63.13
69.89
80.44
78.4
68.35
67.1
62.6
61.2
62.0
74.04
72.72
92.6
61.64
113.7
70.42
103.63
78.67
81.1
72.72
68.77
63.91
61.67
70.51
75.74
67.68
89.52
66.47
65.82
65.52
66.55
73.67
76.44
74.42
72.0
61.8
71.25
65.74
68.31
72.17
74.33
64.59
71.47
60.83
65.1
62.44
71.85
81.46
72.45
65.5
68.38
65.86
82.94
67.84
65.16
81.63
79.53
64.48
80.51
81.66
64.96
80.11
79.45
65.83
75.55
62.13
59.43
62.07
63.88
63.75
74.45
75.41
70.98
81.56
69.89
84.33
73.95
88.19
72.78
63.08
66.56
76.1
75.05
67.45
64.02
68.05
65.59
64.76
74.95
70.97
63.57
65.83
84.25
71.66
89.91
83.41
63.71
69.42
72.13
64.52
77.64
83.45
74.74
65.0
62.84
71.03
82.13
64.43
90.87
78.06
62.87
64.94
63.04
64.6
68.88
63.07
77.38
74.27
60.04
64.63
70.57
63.68
69.91
84.93
64.4
63.51
71.01
62.37
67.75
86.7
65.79
66.29
77.89
87.57
93.92
62.45
90.63
82.2
86.2
69.69
71.58
72.9
67.11
79.49
70.89
61.46
73.14
63.09
66.45
83.1
66.54
68.08
74.29
69.48
65.17
68.68
70.02
73.95
62.36
62.78
65.81
69.97
71.43
69.51
68.88
65.95
68.43
62.05
62.33
67.07
65.39
77.78
68.96
68.55
68.32
72.71
64.93
81.24
77.67
61.53
70.54
73.45
63.66
70.68
66.38
61.35
71.66
71.36
64.94
69.49
63.02
63.83
75.36
79.02
70.87
95.19
78.2
84.25
67.05
68.32
74.42
68.12
71.71
65.34
77.71
68.02
66.76
65.36
70.26
64.48
63.54
67.93
80.92
69.02
64.98
60.53
62.69
65.32
76.53
68.8
65.13
66.51
64.12
84.51
63.4
71.17
61.7
61.26
65.22
60.4
70.69
61.76
68.26
67.76
65.0
68.31
64.59
74.24
64.04
60.6
76.79
60.83
61.0
77.85
67.54
67.87
65.09
60.69
80.81
61.18
64.57
63.6
76.74
75.8
75.74
87.95
99.9
74.02
78.32
74.59
63.77
66.97
73.11
73.37
64.79
62.55
72.5
68.41
67.28
76.44
70.44
68.89
66.81
75.44
64.0
74.29
74.7
62.96
62.7
72.38
66.93
63.8
69.4
60.27
57.27
58.82
57.27
67.27
69.36
63.56
61.29
84.06
61.67
73.95
74.13
62.44
63.8
66.24
62.94
63.17
63.0
102.75
71.92
77.0
69.46
71.31
66.75
75.93
70.38
61.11
60.56
71.44
61.89
61.0
89.07
67.67
134.81
110.14
72.69
90.14
77.38
87.5
76.57
73.08
75.56
64.94
66.81
68.56
94.14
83.26
70.23
77.0
73.45
76.05
77.19
84.1
67.86
66.29
83.1
71.06
68.65
69.94
88.89
66.41
75.15
68.17
77.83
67.5
79.2
79.64
68.82
99.85
93.25
66.83
61.64
67.82
57.9
68.17
66.82
84.82
59.82
67.45
60.18
66.82
60.13
100.25
78.0
76.38
70.75
72.5
97.0
70.86
76.78
82.38
145.33
76.33
102.0
71.0
77.33
136.5
107.5
133.0
116.0
107.5
78.71
105.71
59.43
62.71
60.57
83.57
78.14
78.86
75.43
81.57
61.6
62.2
98.0
72.4
62.6
62.6
62.6
62.6
62.6
62.6
62.6
62.6
62.6
62.6
62.6
100.0
121.0
97.0
95.0
92.0
89.67
89.0
111.33
90.0
89.33
113.2
74.0
80.0
96.4
73.8
63.0
62.0
66.67
68.0
61.33
76.0
89.5
115.5
91.0
94.0
94.0
94.0
94.0
94.0
94.0
94.0
65.29
75.5
88.88
58.43
59.0
81.8
60.4
65.4
103.8
59.88
65.75
109.63
84.5
67.38
67.38
67.38
67.38
67.38
67.38
67.38
90.33
89.0
87.33
88.67
72.75
108.5
65.75
60.25
58.75
73.0
87.5
88.0
87.5
135.5
135.5
135.5
135.5
135.5
135.5
135.5
135.5
135.5
135.5
135.5
76.75
61.0
60.5
60.25
91.25
59.17
65.83
58.5
62.0
85.83
83.0
142.5
113.5
101.0
146.0
99.0
103.0
101.0
103.0
175.0
175.0
175.0
175.0
175.0
175.0
175.0
106.5
103.0
100.5
107.5
107.5
107.5
107.5
107.5
107.5
107.5
109.5
99.5
99.5
102.5
91.5
62.25
64.63
60.25
138.38
74.0
68.19
70.87
91.36
67.81
70.94
63.89
75.88
71.89
65.88
60.13
62.57
59.43
60.29
60.0
85.5
75.6
78.6
70.3
76.3
68.77
78.5
92.86
75.5
75.07
133.17
104.38
100.43
104.0
71.29
88.8
97.29
59.83
64.17
64.5
72.5
89.5
102.5
88.5
86.5
86.0
89.0
88.0
174.0
88.0
88.0
88.5
88.0
93.5
89.5
98.75
63.75
57.75
60.5
62.0
72.33
77.0
68.67
67.89
134.0
66.8
69.6
75.3
68.4
77.56
108.18
62.5
87.7
66.22
64.91
64.5
65.2
63.8
67.3
77.22
75.14
70.33
69.0
69.17
69.33
68.83
84.38
94.86
75.43
70.43
118.0
68.11
72.64
110.4
73.8
60.33
79.91
77.0
60.2
68.5
62.38
60.13
108.13
68.0
61.13
65.3
73.3
65.8
95.3
97.3
65.43
65.43
66.57
64.14
63.71
69.29
61.14
65.0
63.0
79.57
74.43
91.44
75.88
81.63
58.25
60.86
65.71
59.29
58.57
61.0
56.6
84.8
55.8
58.0
57.4
56.0
86.0
85.0
93.0
85.0
62.6
58.0
63.0
56.8
59.6
57.4
62.4
113.4
61.8
62.2
196.5
89.5
86.5
164.5
88.5
87.5
124.0
101.0
87.0
87.0
67.4
61.0
66.0
78.6
89.4
75.0
88.5
88.0
87.5
87.0
67.2
108.8
59.0
57.4
136.8
65.5
60.38
61.57
93.56
64.88
68.4
67.2
101.2
61.4
58.6
105.0
69.33
58.67
59.67
60.33
59.33
61.67
91.33
77.0
70.17
81.0
96.5
229.0
95.5
95.5
69.2
72.2
69.8
63.0
106.6
59.0
94.0
96.0
102.0
98.0
140.88
60.71
80.11
106.75
62.25
66.33
70.08
79.75
68.42
69.64
69.0
62.91
65.0
62.18
69.18
106.57
62.14
65.57
66.29
61.71
66.0
66.5
61.63
93.13
60.5
64.72
67.67
72.55
67.05
65.79
60.88
73.06
84.75
62.13
65.56
60.93
62.64
69.29
62.79
75.0
90.1
60.6
60.7
66.5
59.7
70.3
70.22
89.82
73.1
61.0
64.89
69.63
61.25
65.0
66.14
82.5
70.38
61.25
66.43
67.27
111.1
62.5
112.63
60.13
60.0
97.3
63.7
74.4
61.0
62.2
72.55
75.13
64.08
62.46
58.38
61.29
57.54
79.87
79.36
66.07
62.69
71.69
68.62
58.46
90.54
69.23
66.6
93.57
65.15
74.33
67.67
66.08
71.0
70.42
65.58
86.63
60.63
63.25
97.63
69.0
79.9
59.0
58.3
62.9
58.5
84.1
59.9
58.7
82.3
61.5
139.88
69.13
61.38
69.0
64.5
64.44
63.33
71.5
69.29
95.56
71.07
109.16
83.0
99.94
69.31
76.38
71.8
59.73
75.47
71.13
56.67
87.35
75.44
64.07
71.53
61.88
61.56
84.71
59.44
60.67
59.81
63.4
60.71
63.69
73.19
62.05
62.83
62.11
73.5
58.33
92.09
72.65
59.76
66.72
56.36
60.96
65.72
61.16
63.64
78.88
64.79
82.53
59.0
76.97
61.82
63.58
71.71
65.42
69.42
67.38
73.38
62.83
62.42
62.48
93.88
74.39
67.64
75.95
65.32
86.32
63.63
90.53
74.05
75.84
74.32
62.94
61.56
67.72
79.22
69.72
77.91
60.4
60.1
63.7
62.7
67.85
65.85
63.36
96.27
72.15
60.15
67.47
78.93
64.93
87.29
63.0
63.43
63.43
65.0
90.57
64.0
67.67
66.5
70.9
76.11
63.53
88.25
68.0
65.0
62.68
65.25
71.52
64.83
68.11
67.89
76.0
63.96
60.17
62.3
71.23
70.28
77.67
61.82
84.54
81.79
59.32
61.24
73.63
70.85
102.52
83.67
82.29
78.24
69.2
77.36
69.94
65.13
65.41
71.94
78.06
63.0
70.08
59.92
70.29
60.69
78.06
69.39
73.78
66.67
64.78
64.5
78.8
75.89
72.25
66.94
65.63
94.47
68.89
72.61
64.61
75.44
64.88
65.31
63.22
68.53
69.94
68.56
69.56
73.0
71.53
92.7
65.2
67.6
73.5
60.7
66.71
63.0
62.57
126.43
75.71
67.13
105.38
69.13
63.38
66.88
60.86
105.29
70.86
61.0
64.0
99.38
60.86
156.43
66.43
62.43
90.14
67.0
61.29
75.43
74.29
60.11
89.0
117.36
68.0
72.0
67.93
78.07
62.79
73.14
60.77
61.92
66.91
64.1
74.42
60.91
57.92
66.31
58.5
68.64
67.77
96.64
67.09
64.73
58.09
65.82
69.44
61.56
78.11
58.0
60.78
58.2
61.4
67.4
99.0
65.8
58.63
57.63
61.25
57.0
60.29
80.87
71.86
69.46
67.07
73.5
73.15
94.0
71.67
114.58
67.75
96.2
136.6
61.2
102.4
68.0
93.3
66.11
67.1
78.3
75.25
84.25
71.25
75.25
70.0
69.43
70.43
87.29
77.14
77.71
81.6
71.7
64.1
66.9
81.6
63.0
66.75
65.88
63.0
63.0
64.71
88.57
87.71
62.43
63.14
63.4
69.0
69.0
62.8
91.5
154.33
88.5
104.0
88.0
122.5
67.86
65.29
68.14
96.43
63.57
64.0
98.0
148.0
92.0
92.0
92.0
92.0
92.0
92.0
92.0
92.0
95.0
337.0
94.0
94.0
117.29
68.0
59.29
59.71
67.57
83.14
65.57
60.29
65.43
65.14
59.43
66.14
146.67
105.63
64.0
63.29
64.43
63.57
88.0
82.43
59.75
59.5
62.0
66.25
58.75
60.67
66.0
60.0
70.0
63.5
58.8
66.6
62.8
62.4
121.4
78.6
68.6
69.6
67.4
67.4
67.57
67.43
166.0
63.57
62.86
67.47
65.94
82.79
70.53
84.25
72.17
66.41
78.71
77.23
96.42
75.11
86.44
88.67
64.0
67.28
64.39
105.72
73.94
65.17
64.56
65.67
67.79
69.54
70.93
69.43
69.35
70.11
80.47
76.19
70.68
66.06
63.06
67.83
68.22
65.78
91.64
60.62
67.77
72.69
67.92
64.0
62.75
61.57
88.67
61.38
65.69
80.0
62.54
69.15
85.62
77.0
77.27
67.09
75.91
89.45
63.25
81.25
82.5
68.38
70.63
65.7
64.3
66.6
121.2
66.0
70.6
56.0
63.8
64.53
86.2
58.53
85.4
61.93
66.92
112.0
57.0
65.92
65.15
77.81
69.43
64.67
62.41
74.88
59.31
67.0
117.33
60.59
72.25
68.13
73.88
60.91
58.09
86.67
81.54
58.55
60.25
60.25
59.25
62.0
60.5
90.75
62.5
66.25
73.63
66.63
68.6
68.0
76.6
103.2
62.6
62.6
62.6
62.6
62.6
62.6
62.6
95.0
94.5
88.5
88.5
91.5
89.5
95.5
116.5
103.0
70.82
68.15
70.0
71.25
75.0
105.08
89.33
94.08
92.36
90.0
62.29
67.14
67.29
79.29
63.0
61.25
61.75
63.5
60.75
100.75
62.36
62.18
63.9
63.75
61.09
62.59
64.17
127.67
64.32
78.67
59.69
62.69
65.38
65.92
76.77
68.41
64.61
64.37
84.47
64.32
68.46
63.69
101.92
66.0
66.0
72.78
62.0
61.17
63.21
88.29
62.64
70.08
62.62
80.62
63.62
64.13
67.5
85.88
72.13
67.38
85.0
68.45
88.5
61.6
94.8
63.4
107.67
69.4
64.13
108.33
60.31
66.85
59.46
65.46
75.31
64.2
63.87
63.93
68.13
63.87
71.23
80.87
63.36
74.29
70.36
68.89
104.67
64.22
64.13
80.8
70.71
62.5
68.79
62.43
64.0
63.08
97.15
66.08
61.38
61.08
61.43
66.14
62.14
67.57
72.43
65.55
69.27
65.73
69.0
66.91
95.61
64.16
68.32
62.63
79.68
59.45
73.56
72.45
62.15
61.35
60.88
69.31
90.41
65.13
63.29
89.25
95.4
84.08
95.91
64.45
65.0
88.17
67.67
64.33
70.0
59.8
63.6
61.4
60.8
71.4
63.47
65.6
58.6
67.0
83.88
59.73
63.6
59.4
65.4
65.4
66.5
63.0
75.2
58.1
117.6
60.5
61.13
64.6
67.8
63.53
62.05
63.1
60.15
60.95
60.65
61.2
129.13
75.05
75.15
60.68
62.55
60.95
64.75
75.0
77.3
63.1
81.38
63.19
61.33
78.9
65.94
60.53
68.33
66.21
100.44
67.5
89.75
88.94
86.36
62.86
64.29
66.79
98.86
61.07
62.36
61.42
66.5
61.42
103.83
61.0
59.0
67.54
58.92
69.46
59.75
77.11
66.0
60.0
63.74
61.94
76.65
66.39
84.89
66.17
82.53
62.67
56.0
64.33
58.0
57.67
73.62
100.55
61.33
65.19
61.82
59.18
68.0
61.89
97.12
83.32
66.28
66.25
68.28
68.06
79.82
66.6
72.8
72.2
62.7
64.4
66.18
61.1
85.81
73.71
83.76
62.63
100.0
69.93
56.2
67.8
63.27
59.07
65.93
58.93
65.4
73.2
59.93
63.33
71.93
61.27
76.41
60.6
65.58
59.63
65.96
92.44
61.08
64.31
